,0,1,2,3,4,5,6,7,8,9,10,11,12,13,14,15,16,17,18,19,20,21,22,23,24,25,26,27,28,29,30,31,32,33,34,35,36,37,38,39,40,41,42,43,44,45,46,47,48,49,50,51,52,53,54,55,56,57,58,59,60,61,62,63,64,65,66,67,68,69,70,71,72,73,74
20,0.072617,-0.28922,2.8583,0.089248,-0.067648,2.81,0.1082,0.15337,2.7549,0.061177,0.24554,2.7439,-0.054253,0.16189,2.883,-0.12973,0.011832,2.8462,-0.07327,0.1704,2.8283,-0.079912,0.17452,2.8381,0.15292,0.055679,2.6873,0.10303,-0.16792,2.6808,0.033593,-0.38316,2.6954,0.021816,-0.44346,2.7062,0.035399,-0.26968,2.8763,0.027012,-0.60873,2.9037,0.047648,-0.93134,3.0537,-0.013483,-0.97328,2.9766,0.10814,-0.30143,2.7843,0.062069,-0.65869,2.9196,0.10178,-0.97827,3.0194,0.085388,-1.0134,3.0633,0.1028,0.098113,2.7699,-0.064169,0.19011,2.8215,-0.10325,0.1772,2.8005,-0.011551,-0.49047,2.6991,-0.0079049,-0.41849,2.7512
21,0.073611,-0.28941,2.8585,0.089981,-0.067627,2.8103,0.10828,0.15331,2.7549,0.060859,0.24541,2.7442,-0.054235,0.16188,2.883,-0.14486,0.025118,2.8272,-0.063731,0.17208,2.8328,-0.075171,0.18219,2.8313,0.15038,0.056034,2.6873,0.10492,-0.16854,2.6772,0.045724,-0.3874,2.6851,0.038998,-0.45072,2.6896,0.037294,-0.27069,2.8781,0.028884,-0.60528,2.902,0.11787,-0.90862,3.0657,0.095588,-1.0018,3.0685,0.1092,-0.30142,2.7832,0.062202,-0.65915,2.9191,0.1017,-0.97899,3.0193,0.085886,-1.0136,3.0623,0.10307,0.098075,2.77,-0.067998,0.19456,2.8191,-0.093233,0.18655,2.7914,0.025838,-0.49584,2.6697,0.01178,-0.42066,2.729
22,0.072636,-0.28791,2.8566,0.090153,-0.066466,2.8092,0.10886,0.15392,2.7539,0.060792,0.24545,2.7441,-0.054161,0.16209,2.8828,-0.14616,0.028077,2.8217,-0.058232,0.17111,2.8267,-0.070394,0.18095,2.8315,0.15135,0.056341,2.6866,0.10625,-0.16829,2.6739,0.048777,-0.3876,2.6812,0.046833,-0.45032,2.68,0.035299,-0.26971,2.8745,0.0303,-0.60312,2.9005,0.10684,-0.91117,3.0618,0.04489,-0.95318,2.9849,0.10871,-0.29957,2.7819,0.063132,-0.66182,2.9191,0.10155,-0.97898,3.0189,0.086955,-1.0138,3.0639,0.10368,0.0989,2.7691,-0.054052,0.19289,2.8173,-0.092478,0.18843,2.7841,0.03218,-0.49341,2.6622,0.016239,-0.41568,2.7258
23,0.070969,-0.28608,2.8564,0.089758,-0.065496,2.8093,0.10887,0.15406,2.7539,0.060652,0.24556,2.7441,-0.054219,0.16214,2.8829,-0.14781,0.030347,2.8188,-0.064946,0.18301,2.8306,-0.070994,0.19007,2.8256,0.15018,0.057607,2.6871,0.11218,-0.1683,2.6717,0.052215,-0.38693,2.6793,0.052989,-0.45017,2.6798,0.032981,-0.26791,2.877,0.030769,-0.60256,2.9005,0.11934,-0.90366,3.0683,0.09343,-0.99455,3.0756,0.10652,-0.29661,2.7783,0.063089,-0.66362,2.9199,0.10141,-0.9792,3.019,0.086911,-1.0137,3.0633,0.10368,0.099233,2.7691,-0.068478,0.19915,2.8405,-0.085175,0.19609,2.7835,0.024595,-0.49612,2.6683,0.028549,-0.44028,2.7173
24,0.069655,-0.28589,2.8554,0.089496,-0.065269,2.809,0.10891,0.15412,2.7537,0.060931,0.24528,2.7436,-0.054235,0.16213,2.8828,-0.15082,0.035823,2.8112,-0.063718,0.18704,2.8296,-0.07008,0.19549,2.8194,0.15077,0.056692,2.6859,0.11282,-0.16917,2.668,0.054052,-0.38789,2.678,0.057056,-0.45764,2.6778,0.031198,-0.26807,2.8756,0.031979,-0.60223,2.8988,0.10413,-0.90647,3.0685,0.042071,-0.9484,2.9916,0.10588,-0.29649,2.7779,0.06435,-0.67069,2.9254,0.10257,-0.97313,3.0176,0.085713,-1.0135,3.0632,0.1037,0.09934,2.769,-0.060103,0.20477,2.8111,-0.091209,0.19897,2.7838,0.04407,-0.50376,2.6676,0.027017,-0.46627,2.6873
25,0.069571,-0.28411,2.855,0.089521,-0.064378,2.8091,0.10895,0.15425,2.754,0.060737,0.24481,2.7443,-0.054276,0.16214,2.883,-0.15201,0.037017,2.8108,-0.064184,0.18819,2.8298,-0.065605,0.19854,2.8198,0.15328,0.057017,2.687,0.11474,-0.16867,2.6667,0.069009,-0.38107,2.6753,0.060941,-0.45159,2.6864,0.030969,-0.267,2.8757,0.056733,-0.64174,2.9427,0.10013,-0.97194,3.0227,0.038587,-1.0133,2.9455,0.10622,-0.29437,2.7769,0.064661,-0.67327,2.9279,0.103,-0.97451,3.0196,0.088445,-1.0122,3.0657,0.10379,0.099658,2.7693,-0.060881,0.20749,2.8485,-0.032735,0.20445,2.772,0.032804,-0.49917,2.6795,0.039999,-0.41813,2.7121
26,0.0672,-0.28123,2.8564,0.088696,-0.063525,2.8095,0.10882,0.15414,2.754,0.060819,0.24482,2.7443,-0.05438,0.16207,2.8829,-0.15473,0.043349,2.8027,-0.064985,0.18996,2.8284,-0.064809,0.1978,2.819,0.15407,0.056796,2.6869,0.1149,-0.16871,2.6655,0.069569,-0.37994,2.6748,0.06057,-0.45185,2.6883,0.026231,-0.2597,2.8935,0.048002,-0.63239,2.9353,0.097789,-0.97094,3.0173,0.036391,-1.0123,2.94,0.10242,-0.29101,2.769,0.064487,-0.6734,2.9277,0.10346,-0.94126,2.9982,0.094251,-0.96751,3.0425,0.10366,0.099677,2.7693,-0.056349,0.21286,2.8165,-0.078501,0.20567,2.7819,0.030729,-0.49876,2.6832,0.035578,-0.4481,2.7016
27,0.066851,-0.28114,2.8567,0.087937,-0.063332,2.8101,0.10777,0.15388,2.7545,0.060705,0.24488,2.7443,-0.054659,0.16204,2.8831,-0.15567,0.04609,2.7993,-0.065077,0.19091,2.8279,-0.063181,0.19735,2.8279,0.15165,0.057102,2.6874,0.11645,-0.16894,2.6647,0.064483,-0.38851,2.6815,0.057513,-0.4594,2.6896,0.026048,-0.2607,2.8912,0.021109,-0.59836,2.8998,0.082177,-0.93497,3.005,0.020677,-0.97657,2.9279,0.10206,-0.29096,2.7711,0.064078,-0.6736,2.9274,0.10529,-0.98863,3.0403,0.082573,-1.0295,3.0718,0.10274,0.099626,2.7699,-0.053503,0.21414,2.8399,-0.077048,0.2062,2.7811,0.045998,-0.50619,2.6799,0.038717,-0.45286,2.667
28,0.067051,-0.28148,2.8567,0.088069,-0.063408,2.81,0.10805,0.15371,2.7541,0.060874,0.24511,2.7447,-0.051078,0.15443,2.8834,-0.16072,0.048584,2.7969,-0.065424,0.19139,2.8276,-0.063081,0.20262,2.8208,0.15015,0.056757,2.6874,0.11674,-0.1695,2.6648,0.064895,-0.38871,2.6841,0.053457,-0.46011,2.6996,0.027003,-0.26245,2.8897,0.02393,-0.59713,2.8993,0.079507,-0.93339,3.0082,0.01727,-0.97486,2.9318,0.10265,-0.29159,2.7712,0.065722,-0.67432,2.9304,0.10342,-0.96212,3.0131,0.084043,-1.0151,3.0548,0.10298,0.099529,2.7697,-0.048725,0.21316,2.8205,-0.088234,0.21182,2.7902,0.038777,-0.50483,2.6888,0.024504,-0.45322,2.7125
29,0.065576,-0.277,2.8565,0.087328,-0.061845,2.8092,0.10761,0.15349,2.7526,0.06162,0.24521,2.7431,-0.051192,0.15433,2.8832,-0.16095,0.05411,2.7896,-0.069432,0.20036,2.8118,-0.06157,0.20395,2.8138,0.1531,0.056865,2.6867,0.11722,-0.16896,2.664,0.06464,-0.38785,2.684,0.048678,-0.45082,2.7008,0.026332,-0.25526,2.9024,0.026787,-0.59707,2.8968,0.078173,-0.93367,3.0065,0.016302,-0.97523,2.9298,0.099207,-0.28329,2.7517,0.065471,-0.66462,2.9203,0.11215,-0.94463,3.0034,0.085681,-1.0104,3.0502,0.10258,0.099758,2.7686,-0.044729,0.22024,2.8125,-0.076716,0.2085,2.7827,0.027545,-0.50047,2.6895,0.01717,-0.4276,2.7249
30,0.032867,-0.27541,2.8467,0.079712,-0.060478,2.8061,0.1079,0.15359,2.7522,0.06132,0.24494,2.7424,-0.04792,0.15637,2.8699,-0.16506,0.056964,2.7863,-0.068628,0.20641,2.8061,-0.060242,0.20916,2.7959,0.15194,0.057105,2.6868,0.11664,-0.16878,2.6646,0.063313,-0.38736,2.6852,0.043512,-0.44994,2.7078,-0.0016844,-0.25695,2.8898,0.015348,-0.57594,2.8749,0.10605,-0.87946,3.0377,0.045837,-0.92112,2.9581,0.068773,-0.2863,2.747,0.065741,-0.66328,2.9194,0.10837,-0.94235,2.9993,0.086616,-1.0082,3.0475,0.1023,0.099993,2.768,-0.055909,0.22271,2.7955,-0.079906,0.21557,2.753,0.026115,-0.50048,2.6982,0.085583,-0.45183,2.7428
31,0.029563,-0.27574,2.8522,0.073858,-0.060914,2.81,0.10693,0.1527,2.7542,0.06132,0.24494,2.7424,-0.047986,0.15629,2.8693,-0.1674,0.05963,2.7857,-0.06848,0.20562,2.806,-0.058291,0.20696,2.8119,0.15449,0.055593,2.6872,0.11466,-0.16967,2.6745,0.060323,-0.38782,2.6961,0.040755,-0.44558,2.7284,-0.0052649,-0.25629,2.8891,0.028365,-0.58565,2.8817,0.11373,-0.88759,3.0498,0.053997,-0.92937,2.9698,0.064015,-0.29062,2.7695,0.066038,-0.66034,2.9199,0.10653,-0.94943,3.0052,0.083066,-1.0142,3.0526,0.10013,0.099288,2.7703,-0.045047,0.2218,2.8325,-0.046823,0.2086,2.7858,0.002822,-0.49797,2.7179,0.087314,-0.44433,2.7484
32,0.029768,-0.27578,2.8527,0.073632,-0.06089,2.81,0.10699,0.15266,2.7541,0.061837,0.24488,2.7419,-0.044195,0.16457,2.8557,-0.16803,0.061523,2.7911,-0.064395,0.20667,2.8059,-0.056453,0.21009,2.8046,0.15707,0.055032,2.687,0.11063,-0.14729,2.678,0.058314,-0.3448,2.7028,0.038098,-0.40777,2.7259,-0.0055131,-0.25569,2.8868,0.03187,-0.58727,2.8824,0.11511,-0.88962,3.0507,0.057607,-0.93189,2.9688,0.065022,-0.29119,2.7713,0.060394,-0.62013,2.888,0.10276,-0.95204,3.0129,0.083985,-1.0143,3.0548,0.10011,0.099281,2.7702,-0.048639,0.22439,2.8165,-0.046274,0.20458,2.7819,0.01619,-0.45879,2.7126,0.086858,-0.41433,2.736
33,0.030603,-0.27581,2.8542,0.073469,-0.060771,2.8103,0.10702,0.15269,2.7542,0.061951,0.2451,2.7417,-0.042641,0.1624,2.8541,-0.1712,0.064749,2.7907,-0.062966,0.20727,2.8017,-0.055503,0.21423,2.806,0.15808,0.054574,2.6875,0.11591,-0.17025,2.67,0.055784,-0.34206,2.701,0.036352,-0.40182,2.7318,-0.0053854,-0.25553,2.8868,0.036081,-0.58944,2.8865,0.11639,-0.89396,3.0524,0.059122,-0.93629,2.9703,0.066179,-0.29154,2.7724,0.061849,-0.62317,2.8937,0.10299,-0.95672,3.0149,0.084317,-1.0139,3.0575,0.10005,0.099356,2.7703,-0.049565,0.22923,2.7975,-0.078669,0.21939,2.763,-0.0027746,-0.45163,2.7215,0.085701,-0.40136,2.7366
34,0.036317,-0.27719,2.8608,0.073845,-0.06139,2.8118,0.10688,0.15203,2.7546,0.062184,0.24528,2.7418,-0.043967,0.1527,2.862,-0.177,0.072356,2.7826,-0.035416,0.23674,2.7813,-0.041595,0.23088,2.7812,0.15874,0.05471,2.6876,0.11632,-0.17009,2.6735,0.055473,-0.34203,2.7009,0.031297,-0.40206,2.7345,-0.00082299,-0.25651,2.8888,0.038965,-0.58945,2.8879,0.11766,-0.89478,3.0531,0.059034,-0.93702,2.9724,0.071498,-0.29262,2.7799,0.066659,-0.6548,2.9252,0.10416,-0.97665,3.0215,0.084298,-1.0143,3.0573,0.099847,0.098814,2.7708,-0.044583,0.23484,2.8035,-0.02465,0.22778,2.7193,3.0487e-05,-0.45249,2.7262,0.075368,-0.40404,2.7444
35,0.038438,-0.27745,2.8581,0.074286,-0.061491,2.8105,0.107,0.15183,2.7536,0.066083,0.24579,2.7368,-0.043983,0.15267,2.8618,-0.17815,0.077482,2.7788,-0.052191,0.21442,2.7834,-0.051231,0.21811,2.7939,0.16031,0.054533,2.6867,0.11408,-0.16949,2.6684,0.032469,-0.37207,2.7206,0.012041,-0.43268,2.7402,0.0023084,-0.25659,2.8854,0.039345,-0.58913,2.8871,0.11784,-0.89413,3.053,0.059304,-0.9364,2.9722,0.073651,-0.29305,2.7758,0.066667,-0.65491,2.9249,0.10443,-0.97685,3.0221,0.084254,-1.0143,3.0572,0.099878,0.098689,2.7698,-0.033108,0.22723,2.804,-0.013496,0.21273,2.7167,-0.0189,-0.4858,2.7361,0.06176,-0.43172,2.7472
36,0.039576,-0.27822,2.8589,0.074615,-0.06209,2.8108,0.10716,0.151,2.7536,0.066338,0.24591,2.7369,-0.043813,0.14935,2.8646,-0.18054,0.084235,2.7768,-0.047509,0.22157,2.7837,-0.051877,0.22175,2.7957,0.16094,0.054091,2.6864,0.11291,-0.16957,2.6691,0.047627,-0.33382,2.6961,0.024971,-0.39307,2.7331,0.0039933,-0.25797,2.8863,0.053774,-0.62828,2.9046,0.12876,-0.93141,3.0749,0.092143,-1.0103,3.0902,0.074278,-0.2933,2.7761,0.065947,-0.64242,2.9122,0.1047,-0.97735,3.0227,0.084574,-1.0151,3.0576,0.099954,0.09803,2.7698,-0.040676,0.23064,2.799,-0.038775,0.22096,2.7634,-0.0030947,-0.44757,2.7303,0.072151,-0.41246,2.729
37,0.040275,-0.27829,2.8602,0.074848,-0.06231,2.8114,0.1073,0.15065,2.7537,0.066873,0.24646,2.7364,-0.043816,0.14939,2.8646,-0.18388,0.090088,2.7782,-0.057061,0.21094,2.7871,-0.050857,0.21505,2.7986,0.16125,0.053997,2.6866,0.11252,-0.16951,2.6687,0.047505,-0.33447,2.697,0.021647,-0.39257,2.7368,0.0049161,-0.25791,2.8882,0.048321,-0.60362,2.8984,0.12343,-0.91143,3.0607,0.096335,-0.997,3.08,0.074692,-0.29338,2.7766,0.065777,-0.64569,2.9155,0.10465,-0.97753,3.0227,0.085171,-1.0151,3.058,0.10003,0.097765,2.77,-0.036855,0.2293,2.7981,-0.013546,0.20232,2.7265,-0.0083646,-0.44508,2.7294,0.052031,-0.41919,2.7354
38,0.04146,-0.27597,2.8602,0.0753,-0.061624,2.8113,0.10753,0.15065,2.7536,0.066983,0.24642,2.7362,-0.043785,0.15051,2.8638,-0.187,0.10788,2.7723,-0.056312,0.21117,2.7874,-0.052788,0.21865,2.7969,0.163,0.053493,2.6865,0.11165,-0.16944,2.6691,0.04378,-0.33642,2.6973,0.020707,-0.3935,2.7348,0.0062835,-0.25525,2.8878,0.048366,-0.60019,2.8935,0.12266,-0.90709,3.0578,0.064002,-0.94935,2.9771,0.075766,-0.29128,2.7766,0.06548,-0.64612,2.9153,0.1044,-0.97815,3.0229,0.085473,-1.0153,3.0587,0.1002,0.097868,2.7699,-0.029338,0.23552,2.8115,-0.034783,0.22707,2.7456,-0.011653,-0.44804,2.7309,0.072887,-0.40646,2.7286
39,0.041927,-0.27604,2.8603,0.075482,-0.061638,2.8111,0.10766,0.15049,2.7523,0.06723,0.24646,2.7361,-0.044094,0.15175,2.8623,-0.18987,0.11267,2.7736,-0.056477,0.21338,2.7869,-0.052822,0.21981,2.8005,0.16341,0.05288,2.6863,0.11035,-0.16966,2.6686,0.0064229,-0.34642,2.7269,-0.0054855,-0.40952,2.7417,0.0067878,-0.25529,2.8881,0.04758,-0.59851,2.8932,0.12201,-0.90543,3.0574,0.063656,-0.94782,2.9765,0.076323,-0.29141,2.7763,0.066223,-0.64035,2.9117,0.10407,-0.97828,3.0222,0.085702,-1.0151,3.0584,0.10028,0.097786,2.769,-0.029328,0.23543,2.8105,-0.053241,0.237,2.775,-0.045113,-0.4513,2.7326,0.039648,-0.42284,2.7427
40,0.044247,-0.28569,2.8592,0.076618,-0.063738,2.8106,0.10837,0.15065,2.752,0.068586,0.24639,2.7353,-0.0092495,0.052262,2.9326,-0.1403,0.12996,2.7982,-0.023013,0.2503,2.7831,-0.040644,0.2439,2.7977,0.1636,0.052534,2.6863,0.10954,-0.16978,2.6701,0.022947,-0.34637,2.7097,0.00077723,-0.40764,2.7366,0.015175,-0.27225,2.8823,0.046366,-0.5958,2.8924,0.12099,-0.90203,3.0578,0.047951,-0.94041,2.9933,0.075304,-0.29672,2.7776,0.065259,-0.64199,2.912,0.10413,-0.97902,3.0224,0.084288,-1.0158,3.0583,0.10086,0.097643,2.7687,-0.04442,0.24926,2.7935,-0.054278,0.25209,2.7819,-0.044776,-0.45356,2.7262,-0.013425,-0.45344,2.7077
41,0.046181,-0.28728,2.8583,0.077184,-0.064863,2.8102,0.10826,0.15043,2.7519,0.068858,0.24676,2.735,-0.0080082,0.051817,2.9342,-0.14213,0.13304,2.7969,-0.023328,0.25183,2.7806,-0.040523,0.24504,2.789,0.16337,0.051988,2.6858,0.10782,-0.16995,2.6686,0.015285,-0.35901,2.7098,-0.0051229,-0.42191,2.7326,0.019737,-0.27437,2.8797,0.045749,-0.59522,2.8921,0.1207,-0.90131,3.0576,0.047328,-0.93961,2.9937,0.075326,-0.29708,2.7776,0.06505,-0.64591,2.9149,0.10532,-0.97974,3.0256,0.08506,-1.0212,3.0576,0.1008,0.097282,2.7686,-0.036759,0.24146,2.7915,-0.054157,0.25321,2.7732,-0.049147,-0.4691,2.7217,0.034366,-0.4346,2.7359
42,0.04653,-0.28831,2.8581,0.077469,-0.065628,2.8101,0.1083,0.15037,2.7519,0.070669,0.24654,2.7334,-0.008405,0.052321,2.9356,-0.14267,0.13766,2.7959,-0.02828,0.26014,2.7732,-0.036745,0.249,2.7905,0.16333,0.051886,2.6858,0.10692,-0.16982,2.6674,0.015159,-0.36266,2.7106,-0.0061865,-0.42271,2.7338,0.020248,-0.27511,2.8785,0.045326,-0.59444,2.8918,0.10204,-0.91741,3.0323,0.02875,-0.95549,2.9686,0.074963,-0.29848,2.779,0.067024,-0.64015,2.9114,0.10408,-0.97754,3.0236,0.092782,-1.0155,3.0606,0.10089,0.097103,2.7685,-0.032992,0.24541,2.793,-0.050404,0.25714,2.7747,-0.049794,-0.46669,2.7261,-0.0033537,-0.4558,2.7097
43,0.048194,-0.29089,2.8595,0.079225,-0.067582,2.8114,0.10974,0.14975,2.753,0.071277,0.24742,2.7346,-0.0066773,0.052849,2.9384,-0.14426,0.14225,2.7991,-0.019002,0.25431,2.784,-0.029114,0.24432,2.781,0.16389,0.051721,2.6858,0.10474,-0.16932,2.6708,0.017926,-0.36562,2.7124,-0.0029103,-0.4301,2.7358,0.022094,-0.27729,2.8798,0.051053,-0.59617,2.8997,0.10312,-0.92175,3.0362,0.029463,-0.9597,2.9731,0.075494,-0.30038,2.7807,0.065924,-0.64595,2.9169,0.1029,-0.97583,3.0195,0.091924,-1.0127,3.0579,0.10233,0.096169,2.7696,-0.029253,0.2425,2.8035,-0.029144,0.2416,2.793,-0.046449,-0.47649,2.7253,0.037509,-0.43753,2.7388
44,0.049094,-0.29228,2.8611,0.079683,-0.068664,2.812,0.10984,0.14934,2.753,0.072164,0.24764,2.7355,-0.0081428,0.052684,2.9424,-0.14493,0.14518,2.8007,-0.019193,0.25678,2.7876,-0.029114,0.24391,2.7905,0.16411,0.051424,2.6857,0.10405,-0.16937,2.6698,0.023637,-0.37422,2.7157,0.0018303,-0.43666,2.7391,0.022691,-0.27796,2.8797,0.053589,-0.59326,2.9068,0.10383,-0.92078,3.0397,0.030086,-0.95875,2.9767,0.076113,-0.30261,2.7866,0.063879,-0.62488,2.9018,0.10567,-0.94424,3.0024,0.090929,-1.0095,3.0529,0.10249,0.095587,2.7697,-0.021412,0.24051,2.7805,-0.029145,0.2412,2.8025,-0.044791,-0.4835,2.7279,0.043764,-0.44056,2.7492
45,0.049066,-0.29218,2.8614,0.079646,-0.068699,2.812,0.10956,0.14918,2.7524,0.072478,0.24791,2.7355,-0.011388,0.056749,2.9476,-0.1454,0.14888,2.7992,-0.01981,0.26069,2.7897,-0.032356,0.25044,2.8067,0.16407,0.051144,2.6856,0.10165,-0.16899,2.6685,0.022812,-0.37453,2.7142,0.0020402,-0.43563,2.7335,0.023069,-0.27705,2.8834,0.065342,-0.63483,2.9148,0.11031,-0.95832,3.0577,0.094082,-1.0088,3.1063,0.075575,-0.30247,2.7856,0.063914,-0.62486,2.9018,0.10565,-0.94306,3.0016,0.090283,-1.0088,3.0514,0.10228,0.095436,2.7693,-0.03307,0.25393,2.803,-0.037898,0.25053,2.7966,-0.044151,-0.47888,2.7218,0.0017573,-0.47095,2.7037
46,0.049297,-0.29329,2.8615,0.079609,-0.069237,2.8118,0.10938,0.14911,2.7521,0.072502,0.24802,2.7356,-0.012108,0.058972,2.9504,-0.14836,0.15155,2.8032,-0.020655,0.26095,2.7939,-0.031225,0.24891,2.8112,0.16388,0.051032,2.6855,0.099171,-0.16549,2.6678,0.02396,-0.37243,2.7133,0.0023027,-0.4353,2.7323,0.023725,-0.27887,2.8811,0.067705,-0.65549,2.9243,0.089167,-0.96408,3.0169,0.093385,-1.0002,3.0879,0.075366,-0.30371,2.787,0.063635,-0.62554,2.9023,0.10482,-0.94262,3.0027,0.094117,-1.0067,3.0548,0.10213,0.095266,2.7691,-0.029578,0.25027,2.8113,-0.036862,0.24919,2.8011,-0.043161,-0.48047,2.718,0.0018228,-0.4714,2.7011
47,0.048942,-0.29304,2.86,0.079654,-0.06927,2.8116,0.10956,0.14909,2.7522,0.07272,0.24866,2.7351,-0.018845,0.055681,2.9511,-0.14898,0.15468,2.8017,-0.020272,0.26287,2.7946,-0.036948,0.25558,2.8071,0.16389,0.051026,2.6855,0.096973,-0.11952,2.6676,0.035805,-0.33222,2.7088,0.015904,-0.39316,2.7216,0.020872,-0.27817,2.8721,0.066419,-0.69767,2.9356,0.10836,-0.98505,3.0521,0.095108,-1.0137,3.0946,0.075445,-0.30349,2.7871,0.064584,-0.62676,2.9038,0.10174,-0.95775,3.0086,0.091883,-1.0126,3.0601,0.10223,0.095243,2.7691,-0.030004,0.2491,2.81,-0.030139,0.24903,2.7975,-0.019665,-0.44507,2.7165,0.063902,-0.39748,2.7344
48,0.049281,-0.29298,2.8601,0.079747,-0.06932,2.8116,0.10956,0.14907,2.7522,0.072944,0.24863,2.7352,-0.020667,0.055919,2.9526,-0.14897,0.15617,2.8027,-0.026021,0.27063,2.7871,-0.036927,0.2579,2.8045,0.16384,0.050636,2.6854,0.097356,-0.11923,2.6672,0.039027,-0.32939,2.7047,0.019658,-0.3902,2.7218,0.021712,-0.2778,2.8727,0.07027,-0.66006,2.927,0.13748,-0.96642,3.0947,0.089276,-1.0175,3.0919,0.075657,-0.30348,2.7872,0.064729,-0.62743,2.9043,0.10399,-0.96412,3.018,0.08995,-1.0132,3.0594,0.10225,0.095201,2.769,-0.029465,0.25217,2.807,-0.033354,0.24204,2.7987,-0.022905,-0.43764,2.7356,0.064646,-0.39509,2.7356
49,0.052117,-0.29733,2.8614,0.08057,-0.070698,2.8118,0.10957,0.14906,2.7522,0.072665,0.24889,2.7354,-0.015464,0.061186,2.9564,-0.14893,0.15893,2.8038,-0.026756,0.27391,2.7841,-0.044671,0.26603,2.8095,0.16309,0.049678,2.6846,0.097358,-0.14777,2.6757,0.038414,-0.34342,2.7084,0.020391,-0.40538,2.7216,0.024946,-0.28226,2.8706,0.044924,-0.59511,2.8982,0.12079,-0.9028,3.0606,0.046626,-0.94097,2.9981,0.079385,-0.30918,2.7952,0.061946,-0.6477,2.9174,0.10425,-0.97446,3.0213,0.090335,-1.0128,3.0578,0.10233,0.095061,2.769,-0.037005,0.26102,2.8108,-0.038719,0.24789,2.8035,-0.020928,-0.45156,2.7186,0.016081,-0.44891,2.6952
50,0.051366,-0.29782,2.861,0.080443,-0.071224,2.8119,0.10976,0.14862,2.7529,0.072625,0.24883,2.7356,-0.017603,0.060456,2.9582,-0.14949,0.16165,2.8046,-0.026301,0.27445,2.7765,-0.032859,0.25986,2.7845,0.16264,0.049268,2.6841,0.10031,-0.13815,2.6943,0.039491,-0.34055,2.7071,0.02214,-0.40192,2.7212,0.023328,-0.28295,2.8689,0.046661,-0.59597,2.8944,0.12087,-0.90296,3.0587,0.046684,-0.94107,2.9962,0.078964,-0.30928,2.7954,0.061982,-0.64805,2.9175,0.10294,-0.97568,3.0208,0.090122,-1.0133,3.0577,0.10244,0.094557,2.7695,-0.03657,0.263,2.7774,-0.027118,0.24183,2.7788,-0.012264,-0.45287,2.719,0.063355,-0.41413,2.74
51,0.049378,-0.29601,2.861,0.080008,-0.07046,2.8112,0.11011,0.14983,2.7509,0.073085,0.2493,2.7349,-0.019191,0.060881,2.9593,-0.14959,0.16244,2.8042,-0.024719,0.27335,2.7757,-0.029335,0.25855,2.8115,0.16248,0.048408,2.6832,0.092582,-0.16412,2.659,0.033242,-0.37557,2.7063,0.011449,-0.43305,2.7238,0.019436,-0.27683,2.8842,0.04593,-0.59235,2.8932,0.12032,-0.89954,3.0571,0.046126,-0.93765,2.9946,0.072663,-0.30493,2.7812,0.061774,-0.6483,2.9175,0.10317,-0.97637,3.021,0.08964,-1.0131,3.0596,0.10256,0.095526,2.768,-0.033832,0.26096,2.8023,-0.029142,0.25685,2.793,-0.030173,-0.48268,2.7171,0.056797,-0.43334,2.7436
52,0.045544,-0.28775,2.8647,0.079036,-0.069236,2.8118,0.10991,0.14952,2.7508,0.07306,0.24916,2.7349,-0.019347,0.061473,2.9594,-0.15002,0.16353,2.8043,-0.024219,0.27329,2.7753,-0.029251,0.25781,2.8035,0.16195,0.047992,2.6829,0.096583,-0.17124,2.6668,0.031396,-0.38239,2.7087,0.012014,-0.44118,2.7246,0.017507,-0.26187,2.9235,0.049357,-0.59664,2.8999,0.12233,-0.9052,3.062,0.048005,-0.94321,2.9996,0.066445,-0.29405,2.7641,0.063047,-0.64164,2.9126,0.10211,-0.97718,3.0213,0.091149,-1.0137,3.0616,0.10237,0.095447,2.768,-0.033566,0.26077,2.7986,-0.029058,0.25611,2.785,-0.022166,-0.49004,2.7203,0.020457,-0.48164,2.6926
53,0.045708,-0.29868,2.8633,0.079421,-0.072316,2.8113,0.11056,0.14877,2.7503,0.073227,0.2488,2.734,-0.018431,0.063486,2.9582,-0.14972,0.16448,2.8045,-0.023222,0.27509,2.7906,-0.029272,0.25799,2.8055,0.1616,0.047411,2.6826,0.096414,-0.17186,2.6656,0.030605,-0.38244,2.7079,0.013983,-0.44136,2.7266,0.015653,-0.29663,2.8694,0.052732,-0.60699,2.9007,0.12391,-0.91556,3.0634,0.09685,-1.0042,3.076,0.073913,-0.3161,2.7918,0.062353,-0.64433,2.9138,0.10214,-0.97729,3.0209,0.090982,-1.014,3.0621,0.10299,0.094271,2.7675,-0.033728,0.26088,2.8008,-0.029512,0.25457,2.7876,-0.02353,-0.48784,2.7239,0.021051,-0.47838,2.6939
54,0.043313,-0.28888,2.8641,0.078755,-0.071083,2.8118,0.11047,0.14799,2.7507,0.073658,0.24904,2.7335,-0.018834,0.0639,2.9586,-0.1484,0.1672,2.8057,-0.017145,0.27206,2.7896,-0.033203,0.26269,2.815,0.16195,0.047624,2.6828,0.09689,-0.17169,2.6661,0.034387,-0.36794,2.7029,0.017601,-0.4268,2.7278,0.014945,-0.25954,2.9132,0.054218,-0.60089,2.9035,0.12517,-0.90869,3.0676,0.097308,-0.9962,3.0825,0.066101,-0.29181,2.7641,0.061308,-0.64585,2.9154,0.10268,-0.9707,3.0201,0.091907,-1.0125,3.0634,0.10285,0.094017,2.7677,-0.029397,0.2591,2.8175,-0.034708,0.24907,2.8115,-0.025682,-0.47926,2.73,0.061256,-0.42939,2.7422
55,0.04242,-0.29033,2.8648,0.078032,-0.071647,2.8127,0.11023,0.14732,2.7518,0.073651,0.24895,2.7336,-0.019031,0.064032,2.9589,-0.14875,0.16824,2.8062,-0.01578,0.27087,2.7894,-0.029168,0.25707,2.7955,0.16128,0.046322,2.6828,0.097617,-0.1734,2.6685,0.034442,-0.36803,2.7032,0.016946,-0.42765,2.7288,0.01054,-0.27993,2.8619,0.048937,-0.59669,2.8988,0.12176,-0.90438,3.0625,0.047277,-0.94224,3.0002,0.065953,-0.30722,2.817,0.060539,-0.64763,2.9172,0.10332,-0.97433,3.0214,0.094262,-1.012,3.0673,0.10246,0.093312,2.7688,-0.025372,0.25349,2.798,-0.029502,0.24724,2.7975,-0.025072,-0.48154,2.735,0.059764,-0.43101,2.7474
56,0.041896,-0.28794,2.8643,0.077444,-0.0707,2.8121,0.10987,0.14696,2.7509,0.073791,0.24904,2.7334,-0.019942,0.06359,2.9594,-0.14969,0.16897,2.8064,-0.015958,0.27053,2.7885,-0.033142,0.2621,2.8085,0.16156,0.04668,2.6829,0.097551,-0.17295,2.6683,0.029748,-0.38291,2.7116,0.01031,-0.44091,2.7286,0.014814,-0.26264,2.9037,0.045671,-0.59292,2.8908,0.12313,-0.8875,3.0739,0.10051,-0.98059,3.0775,0.064272,-0.29166,2.762,0.062302,-0.64168,2.9143,0.10309,-0.97223,3.0204,0.094011,-1.0123,3.0672,0.10208,0.093232,2.7681,-0.036886,0.26527,2.8014,-0.032924,0.26038,2.79,-0.022215,-0.49103,2.7258,0.023878,-0.47291,2.6978
57,0.041822,-0.28791,2.8643,0.077409,-0.070676,2.8122,0.11,0.14673,2.751,0.073766,0.24906,2.7334,-0.012873,0.065883,2.9573,-0.14894,0.17098,2.8069,-0.014015,0.27099,2.7895,-0.013677,0.31518,2.8109,0.16155,0.04669,2.6829,0.091127,-0.17098,2.6665,0.030035,-0.38203,2.7134,0.010399,-0.4424,2.7361,0.014675,-0.26507,2.9006,0.049011,-0.59407,2.8951,0.12898,-0.88088,3.0885,0.10148,-0.97508,3.0837,0.064519,-0.29365,2.7681,0.062108,-0.64046,2.9142,0.10273,-0.97278,3.0207,0.086147,-1.0125,3.0553,0.10213,0.093111,2.7682,-0.017476,0.3182,2.8039,-0.013587,0.31311,2.7925,-0.027111,-0.49251,2.7451,0.057011,-0.43714,2.7479
58,0.044083,-0.29473,2.8658,0.077842,-0.072719,2.8136,0.11,0.146,2.7525,0.073872,0.24866,2.7339,-0.012693,0.066648,2.9569,-0.14847,0.1726,2.8077,-0.012981,0.27183,2.79,-0.033127,0.26205,2.808,0.16133,0.046523,2.6829,0.092134,-0.17154,2.6676,0.029518,-0.38199,2.715,0.011938,-0.44257,2.7385,0.016929,-0.28342,2.8799,0.063155,-0.59932,2.854,0.12969,-0.88782,3.0498,0.054652,-0.92564,2.9883,0.076012,-0.31432,2.8036,0.062172,-0.64024,2.9144,0.1037,-0.97425,3.0231,0.085593,-1.0142,3.057,0.10219,0.09207,2.7697,-0.029272,0.25799,2.8055,-0.03291,0.26032,2.7895,-0.022134,-0.49213,2.7408,0.019365,-0.4763,2.7069
59,0.044131,-0.29468,2.8656,0.077788,-0.072707,2.8136,0.1098,0.14596,2.7524,0.073972,0.24837,2.7334,-0.015898,0.065094,2.9577,-0.14786,0.17439,2.8076,-0.011595,0.27249,2.7893,-0.011256,0.31669,2.8107,0.16103,0.046284,2.6827,0.092079,-0.17185,2.6675,0.028873,-0.38193,2.7157,0.0092851,-0.44199,2.7374,0.017386,-0.28193,2.8813,0.060883,-0.6003,2.9115,0.12779,-0.90934,3.0751,0.10066,-1.0004,3.0813,0.073189,-0.31028,2.794,0.061686,-0.6363,2.9124,0.10331,-0.97402,3.0224,0.090097,-1.013,3.0608,0.10203,0.092033,2.7696,-0.0074634,0.31248,2.8082,-0.011183,0.31461,2.7923,-0.033234,-0.49424,2.7447,0.018162,-0.47745,2.71
60,0.043984,-0.29464,2.8646,0.07721,-0.072582,2.8123,0.10877,0.14615,2.7507,0.073881,0.24862,2.7337,-0.017645,0.064379,2.9578,-0.14728,0.17523,2.807,-0.010866,0.27302,2.7876,-0.010528,0.31722,2.809,0.1608,0.046199,2.6825,0.092479,-0.17213,2.6696,0.028552,-0.38229,2.7167,0.009079,-0.44283,2.7355,0.01723,-0.28107,2.8799,0.060404,-0.61861,2.9175,0.13035,-0.92571,3.0832,0.094693,-1.0128,3.087,0.072333,-0.30937,2.7924,0.060834,-0.63253,2.909,0.10198,-0.97007,3.0197,0.09019,-1.0131,3.0608,0.1011,0.09216,2.768,-0.0067375,0.31301,2.8065,-0.01104,0.31471,2.792,-0.033006,-0.49111,2.7373,0.055581,-0.44279,2.7526
61,0.044266,-0.29433,2.8648,0.077236,-0.072541,2.8123,0.10864,0.14594,2.7497,0.074162,0.24808,2.7331,-0.020892,0.063285,2.9594,-0.14828,0.17649,2.8063,-0.010721,0.27277,2.7877,-0.010382,0.31696,2.8092,0.16056,0.046092,2.6825,0.092502,-0.17232,2.6699,0.027985,-0.38178,2.7188,0.002217,-0.44199,2.7406,0.017388,-0.28016,2.8801,0.060433,-0.62086,2.9183,0.13063,-0.92802,3.0838,0.093547,-1.0127,3.0862,0.072644,-0.30837,2.793,0.060806,-0.63239,2.909,0.10247,-0.96946,3.0208,0.090476,-1.0133,3.06,0.10103,0.092035,2.7673,-0.006592,0.31275,2.8067,-0.011024,0.31466,2.792,-0.03349,-0.49476,2.745,0.051006,-0.44154,2.7548
62,0.044493,-0.29571,2.8655,0.077454,-0.072799,2.8125,0.10905,0.14613,2.7498,0.074444,0.24778,2.7342,-0.021915,0.063834,2.9602,-0.15092,0.18133,2.8031,-0.0099509,0.27287,2.7881,-0.03318,0.26239,2.8115,0.16052,0.046209,2.6828,0.092571,-0.17222,2.6716,0.026977,-0.38134,2.7206,0.0011624,-0.4403,2.7469,0.016827,-0.28371,2.8705,0.064405,-0.63127,2.9226,0.13378,-0.93496,3.0942,0.092972,-1.0122,3.0989,0.073471,-0.30963,2.8088,0.05816,-0.64179,2.9159,0.10255,-0.9712,3.0204,0.087972,-1.0131,3.0568,0.10133,0.092079,2.7675,-0.036952,0.26574,2.8064,-0.032962,0.26066,2.793,-0.034072,-0.49572,2.754,0.019609,-0.47195,2.7299
63,0.044476,-0.29557,2.866,0.077292,-0.072811,2.8128,0.1088,0.14605,2.75,0.073787,0.24783,2.7345,-0.022339,0.064765,2.9607,-0.15016,0.18134,2.806,-0.0097182,0.27346,2.7883,-0.0093801,0.31765,2.8097,0.16099,0.047119,2.6842,0.096908,-0.17239,2.6766,0.025902,-0.34511,2.7118,0.0040025,-0.40593,2.7424,0.017611,-0.28116,2.8807,0.066017,-0.63457,2.9266,0.13481,-0.939,3.0972,0.092655,-1.0127,3.0994,0.071953,-0.30794,2.8026,0.057596,-0.63547,2.9135,0.10183,-0.97365,3.0214,0.089371,-1.0126,3.0584,0.1011,0.092001,2.7676,-0.01322,0.32085,2.8047,-0.0093186,0.31557,2.7913,-0.038601,-0.4547,2.745,0.0087805,-0.44848,2.7148
64,0.044603,-0.29546,2.8665,0.077385,-0.072824,2.813,0.10889,0.14599,2.7501,0.074181,0.24763,2.7344,-0.023826,0.065618,2.9635,-0.14935,0.18169,2.8078,-0.0090908,0.27388,2.7881,-0.044796,0.27447,2.8175,0.16139,0.047356,2.6845,0.095196,-0.17155,2.6764,0.016854,-0.36102,2.7204,-0.0047132,-0.42168,2.7448,0.018367,-0.28005,2.8843,0.065799,-0.63625,2.9275,0.13511,-0.9406,3.098,0.09291,-1.013,3.0934,0.071535,-0.30745,2.7999,0.057617,-0.63529,2.9135,0.10091,-0.9739,3.0205,0.089208,-1.0129,3.0583,0.10119,0.091943,2.7677,-0.048535,0.2778,2.8124,-0.044502,0.27267,2.799,-0.045429,-0.47245,2.7433,0.038999,-0.43158,2.7561
65,0.044757,-0.29433,2.8675,0.077194,-0.072442,2.8136,0.10852,0.146,2.7504,0.07419,0.24877,2.7354,-0.023701,0.065691,2.9635,-0.14841,0.18205,2.8105,-0.0085345,0.27456,2.7886,-0.0081965,0.31875,2.81,0.16105,0.047424,2.6849,0.0946,-0.17141,2.6764,0.016424,-0.36305,2.7215,-0.0025955,-0.42454,2.7457,0.018881,-0.27822,2.8855,0.068589,-0.6406,2.9335,0.10819,-0.94224,3.1169,0.094048,-1.0138,3.0885,0.071192,-0.30636,2.7994,0.057587,-0.63377,2.9128,0.10014,-0.97249,3.0197,0.089225,-1.0132,3.0564,0.10087,0.092019,2.7681,-0.012039,0.32195,2.805,-0.0081428,0.31666,2.7916,-0.046014,-0.46887,2.7407,0.037792,-0.43292,2.7595
66,0.04272,-0.28656,2.8696,0.076439,-0.070694,2.8147,0.10829,0.14569,2.751,0.073965,0.24865,2.7356,-0.022627,0.066318,2.9633,-0.14611,0.18258,2.812,-0.0069241,0.27586,2.7884,-0.0065863,0.32003,2.8099,0.16075,0.047055,2.6856,0.090097,-0.17053,2.674,0.015987,-0.37518,2.7284,-0.0073614,-0.43528,2.7506,0.016073,-0.26156,2.9114,0.068832,-0.64172,2.9344,0.10716,-0.94356,3.1177,0.0921,-1.0141,3.0923,0.065567,-0.29293,2.7784,0.057549,-0.63365,2.9128,0.099706,-0.97245,3.0197,0.089144,-1.0139,3.0574,0.1006,0.092019,2.7686,-0.010434,0.32323,2.8049,-0.0078144,0.31692,2.7916,-0.040203,-0.48798,2.7516,0.012092,-0.45916,2.7325
67,0.042759,-0.28684,2.8696,0.07643,-0.070698,2.8147,0.10826,0.14566,2.7509,0.072306,0.24853,2.7363,-0.022627,0.066418,2.9634,-0.14704,0.18217,2.8128,-0.0080695,0.27567,2.7885,-0.0077316,0.31985,2.81,0.16074,0.047086,2.6857,0.088267,-0.16764,2.6729,0.018666,-0.34363,2.7196,0.0012008,-0.40696,2.7465,0.017077,-0.26852,2.9049,0.069071,-0.64185,2.9352,0.10688,-0.94407,3.1181,0.03293,-0.98203,3.0554,0.065894,-0.29376,2.78,0.055133,-0.63887,2.9175,0.10028,-0.97704,3.0211,0.091152,-1.0116,3.0718,0.10058,0.092,2.7686,-0.011576,0.32304,2.805,-0.0080858,0.31679,2.7916,-0.043522,-0.45461,2.7402,0.045799,-0.41276,2.7534
68,0.042865,-0.288,2.8693,0.076185,-0.070927,2.8148,0.10753,0.14542,2.7513,0.071404,0.24859,2.7367,-0.022738,0.066272,2.9623,-0.16428,0.1798,2.8116,-0.021112,0.26746,2.7912,-0.042305,0.26188,2.8062,0.16083,0.047872,2.6861,0.087992,-0.16741,2.6727,0.0059162,-0.36169,2.7235,-0.011483,-0.42533,2.7468,0.017156,-0.27103,2.9008,0.068992,-0.64471,2.9405,0.13428,-0.94563,3.118,0.09338,-1.0108,3.1047,0.066675,-0.2972,2.7816,0.054196,-0.64299,2.9206,0.10133,-0.97826,3.0233,0.091022,-1.0132,3.0644,0.099969,0.09176,2.7689,-0.036952,0.26574,2.8064,-0.032935,0.25283,2.7908,-0.061022,-0.46924,2.7428,-0.015954,-0.45952,2.7208
69,0.044704,-0.29192,2.8703,0.07704,-0.071762,2.815,0.10826,0.14537,2.7511,0.069613,0.24777,2.7375,-0.0235,0.066804,2.9643,-0.16401,0.17977,2.812,-0.021209,0.26793,2.7909,-0.040784,0.26268,2.8066,0.15957,0.047035,2.6861,0.087988,-0.16747,2.6728,0.0082139,-0.36879,2.7308,-0.022379,-0.45118,2.7559,0.01858,-0.28191,2.8882,0.068954,-0.64449,2.9407,0.16195,-0.91235,3.1532,0.1036,-0.99402,3.1085,0.073606,-0.30323,2.7993,0.053827,-0.63885,2.9177,0.10132,-0.97272,3.0195,0.085151,-1.0126,3.0579,0.10064,0.091575,2.7688,-0.029208,0.26508,2.7994,-0.032751,0.25338,2.7908,-0.051499,-0.50173,2.7713,0.026575,-0.47004,2.7693
70,0.044213,-0.29236,2.8691,0.076084,-0.072375,2.815,0.10584,0.14383,2.7527,0.06983,0.2482,2.7368,-0.023623,0.066737,2.9641,-0.16285,0.18074,2.8114,-0.020195,0.26922,2.7911,-0.040701,0.26524,2.8013,0.15727,0.046335,2.6858,0.087308,-0.16723,2.6718,0.0033103,-0.36818,2.7258,-0.02786,-0.44856,2.7532,0.018517,-0.28188,2.8882,0.070081,-0.64955,2.947,0.13488,-0.96868,3.092,0.090786,-1.0136,3.1057,0.070149,-0.30278,2.791,0.053307,-0.63611,2.9161,0.10088,-0.97479,3.0198,0.088645,-1.0166,3.0535,0.098652,0.090314,2.7699,-0.036886,0.26527,2.8014,-0.036749,0.26428,2.791,-0.051509,-0.5023,2.7743,-0.0024771,-0.46418,2.7368
71,0.04395,-0.29332,2.8697,0.075475,-0.072883,2.8156,0.10511,0.14374,2.753,0.069738,0.248,2.7368,-0.024643,0.066301,2.9644,-0.16231,0.18265,2.8121,-0.019363,0.27076,2.7925,-0.042772,0.26517,2.8107,0.15538,0.045594,2.6867,0.087432,-0.16709,2.6718,0.0032056,-0.36792,2.7259,-0.014237,-0.42852,2.7517,0.018387,-0.28189,2.8894,0.0718,-0.65122,2.9521,0.13955,-0.96409,3.108,0.09045,-1.0151,3.1037,0.069551,-0.3039,2.7912,0.051009,-0.64256,2.9205,0.1004,-0.97605,3.0211,0.08809,-1.0176,3.0551,0.097927,0.090124,2.7703,-0.044557,0.27301,2.8024,-0.033916,0.25579,2.791,-0.041969,-0.48139,2.7507,0.030943,-0.43143,2.7522
72,0.043908,-0.29362,2.8693,0.075309,-0.073076,2.8155,0.10488,0.1436,2.7531,0.069702,0.24803,2.7369,-0.026775,0.065779,2.9655,-0.15342,0.19036,2.8132,-0.0096873,0.27692,2.7921,-0.037215,0.26764,2.8265,0.15503,0.0459,2.6871,0.079893,-0.17017,2.6762,-0.0019516,-0.37312,2.7266,-0.023277,-0.43494,2.7537,0.018369,-0.28179,2.8893,0.072932,-0.65449,2.9592,0.14228,-0.96608,3.1169,0.08875,-1.017,3.0988,0.069413,-0.30422,2.7909,0.050745,-0.64026,2.9193,0.099603,-0.97697,3.0221,0.089359,-1.0197,3.0554,0.097707,0.089964,2.7703,-0.038773,0.27408,2.8175,-0.036972,0.26589,2.808,-0.05375,-0.48922,2.7573,-0.010136,-0.45953,2.7279
73,0.043908,-0.29329,2.8695,0.075018,-0.072764,2.8161,0.10429,0.14385,2.754,0.069068,0.24804,2.7373,-0.027294,0.066931,2.9678,-0.15374,0.19213,2.8132,-0.0095417,0.27814,2.7939,-0.0092038,0.32232,2.8153,0.15426,0.045584,2.6871,0.079254,-0.17054,2.6753,-0.0078782,-0.36953,2.7312,-0.023674,-0.42966,2.7573,0.018352,-0.28141,2.8893,0.060062,-0.63427,2.9487,0.14018,-0.93595,3.1193,0.093995,-1.0076,3.1016,0.0693,-0.30276,2.7916,0.050059,-0.64573,2.9257,0.098332,-0.97814,3.0222,0.080501,-1.0166,3.0573,0.097173,0.090238,2.7712,-0.011085,0.32999,2.807,-0.0091436,0.32021,2.7969,-0.062168,-0.48302,2.7628,0.024029,-0.43674,2.7651
74,0.043736,-0.29535,2.8697,0.074786,-0.073121,2.8162,0.10403,0.14412,2.7541,0.068093,0.24924,2.7382,-0.032656,0.067629,2.9767,-0.15761,0.18874,2.8168,-0.014344,0.27628,2.7972,-0.040986,0.27091,2.8205,0.15296,0.045732,2.6873,0.078433,-0.17056,2.6741,-0.0076065,-0.36957,2.7313,-0.029271,-0.43057,2.7576,0.017982,-0.28512,2.8848,0.068315,-0.64899,2.9645,0.083372,-0.98224,3.0403,0.009114,-1.0196,2.9787,0.068846,-0.30487,2.7973,0.048999,-0.64911,2.9284,0.098401,-0.97446,3.0218,0.086153,-1.0138,3.0575,0.096965,0.090331,2.7713,-0.03707,0.26659,2.8154,-0.040718,0.26914,2.802,-0.056084,-0.48417,2.7646,-0.0080753,-0.45568,2.7374
75,0.043037,-0.29507,2.8703,0.073531,-0.073198,2.817,0.10243,0.14385,2.7547,0.067072,0.24849,2.7376,-0.033227,0.067625,2.9773,-0.15986,0.18835,2.8185,-0.016327,0.27542,2.7985,-0.015988,0.31957,2.8199,0.15202,0.045487,2.6872,0.077517,-0.17076,2.6777,-0.0097456,-0.37007,2.7325,-0.030478,-0.42983,2.7584,0.017315,-0.28277,2.8879,0.068663,-0.65049,2.9667,0.089732,-0.97753,3.0319,0.090589,-1.0068,3.0961,0.067609,-0.30475,2.797,0.048508,-0.65009,2.9296,0.09901,-0.97112,3.0216,0.086154,-1.0129,3.0569,0.095408,0.090104,2.772,-0.012144,0.31512,2.8149,-0.015884,0.31748,2.8015,-0.057481,-0.48432,2.7662,0.018483,-0.42942,2.7647
76,0.039816,-0.28836,2.8727,0.071673,-0.071339,2.8187,0.10137,0.14371,2.7559,0.064777,0.24842,2.7394,-0.034586,0.067654,2.978,-0.16349,0.18514,2.8228,-0.020771,0.27308,2.7994,-0.041001,0.26323,2.8205,0.15115,0.045571,2.6879,0.078584,-0.17132,2.679,-0.010538,-0.37019,2.7325,-0.032148,-0.43127,2.759,0.012609,-0.26498,2.919,0.068503,-0.65057,2.9669,0.091872,-0.97733,3.028,0.090586,-1.0057,3.0998,0.0608,-0.29415,2.7801,0.047885,-0.65113,2.9305,0.097919,-0.94963,3.0094,0.084742,-1.0114,3.0593,0.094213,0.090333,2.7733,-0.04483,0.26697,2.8194,-0.040733,0.26151,2.802,-0.059686,-0.48405,2.7649,-0.017945,-0.45537,2.7402
77,0.039123,-0.28842,2.8734,0.070971,-0.071008,2.8191,0.10084,0.14417,2.7558,0.064327,0.24833,2.7389,-0.034556,0.06774,2.9781,-0.16585,0.18564,2.8211,-0.022095,0.27221,2.7998,-0.052599,0.26991,2.8235,0.15099,0.045792,2.6884,0.078088,-0.171,2.6787,-0.011568,-0.36975,2.7319,-0.035984,-0.43054,2.7555,0.012158,-0.26951,2.9074,0.067909,-0.6528,2.9681,0.092048,-0.97828,3.0271,0.090504,-1.007,3.0967,0.059224,-0.29583,2.7908,0.046708,-0.64058,2.9239,0.096249,-0.97246,3.0202,0.084833,-1.012,3.059,0.093625,0.090778,2.7734,-0.044907,0.26743,2.8243,-0.044711,0.26627,2.812,-0.064715,-0.48228,2.7606,-0.025927,-0.44621,2.7272
78,0.030889,-0.29696,2.8769,0.066806,-0.073331,2.8209,0.099316,0.14441,2.7565,0.063338,0.24829,2.7389,-0.038291,0.065992,2.981,-0.16598,0.18481,2.822,-0.024697,0.27608,2.8116,-0.045036,0.2682,2.8325,0.15004,0.045683,2.6887,0.077757,-0.17132,2.6786,-0.012623,-0.36955,2.7324,-0.038787,-0.42937,2.758,-0.00068629,-0.28605,2.888,0.067613,-0.65372,2.9686,0.090513,-0.98105,3.0324,0.05559,-1.0095,3.1008,0.051618,-0.30967,2.8149,0.04104,-0.62258,2.9132,0.093453,-0.96138,3.0162,0.071894,-1.0166,3.0321,0.091595,0.090627,2.7742,-0.038799,0.26602,2.8312,-0.042118,0.25538,2.8219,-0.068476,-0.48424,2.7682,-0.03595,-0.4605,2.735
79,0.032979,-0.29843,2.8759,0.066635,-0.073501,2.821,0.096491,0.14535,2.7577,0.06265,0.24843,2.7391,-0.040213,0.063306,2.9766,-0.16525,0.18007,2.8265,-0.025814,0.27383,2.8096,-0.044991,0.2602,2.8295,0.14861,0.045633,2.689,0.077442,-0.17174,2.6785,-0.016583,-0.36781,2.7336,-0.045662,-0.42542,2.7604,0.0027695,-0.28831,2.8833,0.067311,-0.65488,2.9696,0.089874,-0.97971,3.0294,0.083922,-1.0181,3.0666,0.058215,-0.30911,2.8143,0.039345,-0.62112,2.9119,0.095901,-0.95122,3.0109,0.07805,-1.0101,3.0307,0.089691,0.091042,2.7751,-0.03729,0.25757,2.8285,-0.042499,0.2478,2.8198,-0.09065,-0.47491,2.7643,-0.0036704,-0.44149,2.7649
80,0.033097,-0.29557,2.8748,0.065914,-0.072883,2.8212,0.09498,0.14531,2.7587,0.062274,0.24853,2.7392,-0.040962,0.06376,2.979,-0.17128,0.17555,2.8289,-0.036261,0.27582,2.8201,-0.052648,0.26754,2.8255,0.14539,0.045077,2.6883,0.077384,-0.17329,2.678,-0.018517,-0.36817,2.734,-0.046425,-0.42486,2.7601,0.0046556,-0.28445,2.8847,0.066216,-0.65701,2.971,0.08656,-0.98443,3.0393,0.068871,-1.0179,3.0779,0.057734,-0.30138,2.8068,0.038903,-0.62075,2.9119,0.09445,-0.95503,3.0141,0.020053,-0.99249,2.9525,0.088275,0.091234,2.7759,-0.044926,0.26489,2.8245,-0.04666,0.25537,2.8177,-0.090704,-0.47518,2.7659,-0.045032,-0.45713,2.7348
81,0.032428,-0.28784,2.8778,0.063487,-0.069967,2.8241,0.091629,0.14555,2.7619,0.060648,0.24881,2.7399,-0.041425,0.063339,2.9793,-0.17237,0.1741,2.8296,-0.023367,0.24872,2.8438,-0.056824,0.26131,2.8417,0.14241,0.044258,2.6883,0.076064,-0.17234,2.6753,-0.020054,-0.36633,2.7335,-0.05195,-0.42411,2.7605,0.011853,-0.26372,2.9543,0.065817,-0.65904,2.9732,0.083932,-0.98492,3.0423,0.072144,-1.0212,3.0803,0.050423,-0.28344,2.7531,0.038825,-0.62235,2.9129,0.093502,-0.95233,3.0128,0.01888,-0.98977,2.9517,0.08502,0.092142,2.7791,-0.052967,0.26139,2.8425,-0.052065,0.24895,2.835,-0.083757,-0.47485,2.7652,-0.0014494,-0.43301,2.7652
82,0.030691,-0.28521,2.8778,0.062877,-0.069164,2.8237,0.091727,0.14547,2.761,0.058921,0.24772,2.74,-0.044228,0.061158,2.9816,-0.17395,0.17123,2.8304,-0.021315,0.23311,2.8558,-0.05796,0.2554,2.8335,0.13964,0.043848,2.6863,0.074251,-0.17355,2.6742,-0.021872,-0.36725,2.7333,-0.053528,-0.4227,2.76,0.0062926,-0.26449,2.9075,0.075301,-0.66892,3.0119,0.083251,-0.9806,3.0383,0.078885,-1.0218,3.0734,0.045503,-0.2842,2.7835,0.03989,-0.66207,2.9336,0.093124,-0.95022,3.012,0.018168,-0.98751,2.9514,0.084935,0.092241,2.7785,-0.052727,0.25247,2.8295,-0.048474,0.24936,2.8235,-0.086007,-0.47492,2.7677,-0.002393,-0.42893,2.7535
83,0.03017,-0.28269,2.8742,0.061928,-0.067884,2.8227,0.091066,0.14579,2.7611,0.057443,0.24791,2.7406,-0.056681,0.049744,2.9861,-0.17444,0.16656,2.833,-0.021524,0.22615,2.8611,-0.060525,0.25274,2.8325,0.13882,0.043829,2.6869,0.075804,-0.17597,2.6779,-0.024916,-0.36839,2.734,-0.060974,-0.42305,2.7614,0.0057365,-0.26533,2.8798,0.095281,-0.63748,3.0477,0.083434,-0.97511,3.039,0.070738,-1.0162,3.0732,0.048195,-0.28332,2.7924,0.035096,-0.63002,2.9164,0.086068,-0.90262,2.9877,0.012013,-0.94051,2.9255,0.084173,0.09274,2.7784,-0.055284,0.24981,2.8285,-0.050665,0.24618,2.8225,-0.093495,-0.47665,2.7729,-0.012715,-0.43018,2.7632
84,0.028587,-0.2797,2.8747,0.061098,-0.066287,2.8229,0.091012,0.14598,2.7611,0.055181,0.24631,2.7435,-0.058781,0.048347,2.9873,-0.17586,0.16348,2.8365,-0.022817,0.22208,2.8657,-0.061019,0.24698,2.8555,0.13849,0.044162,2.6873,0.074152,-0.17528,2.6774,-0.03254,-0.36296,2.7377,-0.067738,-0.41863,2.7661,0.0023466,-0.26457,2.8628,0.083757,-0.62527,3.0534,0.088176,-0.97463,3.0324,0.069025,-1.0114,3.0715,0.047545,-0.27269,2.8437,0.034232,-0.62824,2.9162,0.087889,-0.90284,2.9895,0.013901,-0.94073,2.9271,0.083975,0.093186,2.7784,-0.060955,0.24673,2.8525,-0.062168,0.24424,2.8465,-0.10985,-0.46818,2.7703,-0.021275,-0.42559,2.766
85,0.027127,-0.28525,2.8753,0.060037,-0.067926,2.8227,0.090415,0.14565,2.7606,0.052911,0.24536,2.7443,-0.059668,0.047692,2.987,-0.17831,0.15787,2.8386,-0.025373,0.21749,2.8667,-0.068717,0.24271,2.851,0.13791,0.044295,2.6872,0.076289,-0.17113,2.6754,-0.03796,-0.35407,2.7364,-0.06826,-0.41151,2.7643,0.0012094,-0.27598,2.8839,0.086295,-0.64129,3.0653,0.08782,-0.9745,3.032,0.091751,-1.0312,3.0505,0.047269,-0.30567,2.8026,0.034409,-0.62816,2.9162,0.088793,-0.90349,2.9905,0.014845,-0.9414,2.9281,0.083252,0.092655,2.778,-0.068438,0.24561,2.8395,-0.068272,0.24113,2.8325,-0.10329,-0.46257,2.7689,-0.020492,-0.41706,2.762
86,0.025615,-0.28383,2.8758,0.059043,-0.067343,2.8227,0.089979,0.14577,2.7603,0.051191,0.24501,2.7443,-0.059954,0.047644,2.9869,-0.17877,0.1542,2.8391,-0.024563,0.20728,2.8716,-0.065372,0.2212,2.875,0.13677,0.044268,2.6871,0.075439,-0.17396,2.6756,-0.042574,-0.35402,2.7378,-0.088462,-0.42584,2.7731,0.00067001,-0.26676,2.9458,0.092567,-0.65619,3.077,0.08764,-0.9749,3.0321,0.091431,-1.0286,3.0546,0.038393,-0.28433,2.7531,0.029986,-0.64158,2.9246,0.089015,-0.90374,2.9906,0.014957,-0.9416,2.9283,0.082662,0.092875,2.7777,-0.061306,0.21679,2.8685,-0.064952,0.21978,2.8565,-0.11384,-0.46689,2.7793,-0.041422,-0.44947,2.7825
87,0.023193,-0.2827,2.8767,0.05746,-0.065952,2.8222,0.089113,0.14793,2.7581,0.047533,0.24596,2.7459,-0.060828,0.047416,2.9872,-0.17915,0.14845,2.8409,-0.026758,0.20865,2.8703,-0.069072,0.22951,2.8655,0.13498,0.044868,2.687,0.073784,-0.17547,2.6745,-0.046042,-0.35362,2.7384,-0.094435,-0.42414,2.7756,-0.00061035,-0.26887,2.9524,0.091208,-0.66144,3.0762,0.087748,-0.97476,3.0325,0.092319,-1.0253,3.0587,0.036693,-0.28298,2.7486,0.014718,-0.55285,2.8839,0.081319,-0.88857,2.9896,0.0072058,-0.92652,2.9275,0.081538,0.094805,2.776,-0.068255,0.22485,2.8763,-0.079777,0.20382,2.8834,-0.11724,-0.46965,2.8048,-0.047181,-0.45989,2.7916
88,0.021287,-0.28042,2.8774,0.055609,-0.064128,2.8225,0.087902,0.14904,2.7579,0.046021,0.24552,2.7465,-0.060823,0.046766,2.9867,-0.17838,0.14759,2.8408,-0.026479,0.20908,2.87,-0.069762,0.22266,2.894,0.13247,0.045372,2.6864,0.068365,-0.17417,2.6723,-0.05362,-0.35006,2.738,-0.10448,-0.41094,2.7698,-0.0010747,-0.2688,2.9619,0.093353,-0.66448,3.0763,0.087669,-0.97534,3.0317,0.094821,-1.0269,3.0563,0.034499,-0.27801,2.7387,0.018713,-0.61316,2.9095,0.087925,-0.90382,2.9909,0.013463,-0.94153,2.9293,0.080105,0.096134,2.776,-0.067499,0.22484,2.8798,-0.080467,0.19703,2.9119,-0.13534,-0.44949,2.784,-0.05588,-0.44457,2.7703
89,0.013335,-0.27521,2.8801,0.051894,-0.060619,2.8234,0.087064,0.15107,2.7578,0.043845,0.2464,2.7475,-0.061254,0.048824,2.9864,-0.17871,0.142,2.8407,-0.029636,0.20932,2.8711,-0.029298,0.25339,2.8925,0.1298,0.045833,2.6855,0.067666,-0.17427,2.6705,-0.060568,-0.34492,2.738,-0.11218,-0.4003,2.772,-0.0066308,-0.26546,2.9706,0.094243,-0.66163,3.0796,0.073582,-0.92068,3.0102,0.077254,-0.99998,3.0458,0.028648,-0.27499,2.7351,0.028733,-0.64552,2.9242,0.090941,-0.89523,2.9834,0.016015,-0.9327,2.9222,0.078688,0.098506,2.776,-0.029083,0.25621,2.8789,-0.040262,0.22757,2.9104,-0.15954,-0.42871,2.7746,-0.065708,-0.42211,2.7817
90,0.011047,-0.27384,2.8841,0.050639,-0.059741,2.825,0.086896,0.15135,2.7579,0.042311,0.24636,2.7488,-0.061291,0.0491,2.9865,-0.17709,0.14072,2.8424,-0.027925,0.20105,2.8824,-0.027587,0.24512,2.9038,0.13,0.047461,2.6864,0.068027,-0.17269,2.6706,-0.071233,-0.33214,2.7428,-0.10336,-0.38119,2.7745,-0.0084301,-0.26476,2.9822,0.095506,-0.66252,3.0846,0.074173,-0.9204,3.0105,0.074698,-0.99642,3.0506,0.027717,-0.2746,2.735,0.028515,-0.64468,2.9248,0.084238,-0.95568,3.0306,0.0094634,-0.99282,2.9694,0.078308,0.098935,2.7764,-0.027661,0.24891,2.8902,-0.038562,0.21936,2.9218,-0.14782,-0.42601,2.789,-0.057141,-0.41109,2.7657
91,0.010242,-0.27287,2.8853,0.049462,-0.058038,2.8259,0.085892,0.15373,2.7578,0.041279,0.24718,2.7488,-0.060282,0.050311,2.9909,-0.17553,0.13422,2.8462,-0.027191,0.19399,2.8893,-0.026853,0.23807,2.9107,0.1284,0.04807,2.6861,0.067969,-0.17251,2.6705,-0.074487,-0.32924,2.7425,-0.11276,-0.37379,2.7745,-0.0080875,-0.26397,2.9847,0.10139,-0.6611,3.0846,0.090498,-0.97111,3.0309,0.076253,-1.0143,3.0631,0.026334,-0.27385,2.7342,0.028834,-0.6434,2.9249,0.087762,-0.97253,3.034,0.012393,-1.0093,2.9739,0.077174,0.10118,2.7766,-0.026645,0.24093,2.8971,-0.037833,0.21235,2.9286,-0.16057,-0.41522,2.7812,-0.06395,-0.40601,2.7736
92,0.0098735,-0.27274,2.8885,0.048892,-0.057981,2.8269,0.085574,0.15372,2.7578,0.039987,0.24815,2.7498,-0.059884,0.049027,2.9932,-0.16427,0.12035,2.8691,-0.020253,0.20347,2.8857,0.02757,0.23131,2.8944,0.12775,0.050529,2.6866,0.067638,-0.17017,2.6706,-0.073763,-0.32431,2.7412,-0.11977,-0.36277,2.7792,-0.0073138,-0.26364,2.9869,0.10228,-0.65981,3.0895,0.091748,-0.97205,3.0305,0.078303,-1.0164,3.0618,0.025385,-0.27453,2.7363,0.02871,-0.6446,2.9262,0.08777,-0.97357,3.0331,0.012192,-1.0103,2.9733,0.076807,0.10119,2.7767,0.027628,0.23419,2.8808,0.016243,0.20563,2.9123,-0.16513,-0.40614,2.7986,-0.068876,-0.39958,2.7816
93,0.010783,-0.27588,2.8813,0.04831,-0.058158,2.8255,0.084259,0.15467,2.7577,0.038525,0.24949,2.7509,-0.060262,0.049218,2.9945,-0.16429,0.11755,2.8681,-0.080124,0.24744,2.7936,-0.1238,0.19784,2.8349,0.12688,0.052735,2.687,0.061824,-0.16646,2.6651,-0.080987,-0.32039,2.7417,-0.13152,-0.3524,2.775,-0.0076374,-0.26728,2.8711,0.096182,-0.62505,3.0573,0.092919,-0.97296,3.0305,0.078641,-1.0157,3.0631,0.03174,-0.28847,2.8123,0.028201,-0.66503,2.9387,0.086969,-0.95866,3.0284,0.057987,-1.0167,3.0351,0.075771,0.10179,2.7764,-0.15364,0.24017,2.8368,-0.12174,0.22954,2.8526,-0.17449,-0.39251,2.7838,-0.078202,-0.38374,2.7903
94,0.0097438,-0.27531,2.8815,0.04709,-0.057255,2.8252,0.082901,0.15633,2.7572,0.038206,0.25049,2.7509,-0.062046,0.050353,2.9942,-0.16533,0.11731,2.8664,-0.085019,0.24983,2.7922,-0.086658,0.29726,2.7796,0.12608,0.054837,2.6869,0.0568,-0.16309,2.6645,-0.097948,-0.30234,2.7455,-0.13879,-0.33483,2.7664,-0.012668,-0.25699,2.9547,0.10266,-0.64396,3.0775,0.091432,-0.9744,3.0297,0.084666,-1.022,3.0591,0.020593,-0.28188,2.7537,0.023444,-0.65638,2.936,0.088667,-0.96895,3.0285,0.013028,-1.0057,2.9688,0.074329,0.10332,2.776,-0.1166,0.3393,2.7815,-0.084833,0.32828,2.7974,-0.18598,-0.37998,2.782,-0.081896,-0.35093,2.7716
