,0,1,2,3,4,5,6,7,8,9,10,11,12,13,14,15,16,17,18,19,20,21,22,23,24,25,26,27,28,29,30,31,32,33,34,35,36,37,38,39,40,41,42,43,44,45,46,47,48,49,50,51,52,53,54,55,56,57,58,59,60,61,62,63,64,65,66,67,68,69,70,71,72,73,74
25,-0.067578,-0.29813,4.2488,-0.046787,-0.013606,4.3058,-0.026318,0.26771,4.3498,0.025591,0.40221,4.3782,-0.18473,0.15813,4.2605,-0.34533,0.019505,4.2071,-0.30598,-0.2336,4.0974,-0.29286,-0.26024,4.0931,0.14137,0.10337,4.3863,0.30949,0.018427,4.2665,0.2164,0.24214,4.1729,0.19077,0.28641,4.1524,-0.13853,-0.27746,4.1874,-0.20035,-0.59858,4.0827,-0.20476,-0.9962,3.9154,-0.14627,-1.0106,3.8184,0.0049044,-0.31227,4.2264,0.22788,-0.62816,4.2672,0.19651,-1.0895,4.183,0.30661,-1.0943,4.1565,-0.031355,0.19792,4.3413,-0.2754,-0.35648,4.1008,-0.26033,-0.24363,4.1088,0.15151,0.34032,4.1103,0.20599,0.28076,4.1148
26,-0.067015,-0.29785,4.2483,-0.047104,-0.013504,4.3049,-0.028783,0.26697,4.347,0.024668,0.40346,4.3783,-0.18571,0.15797,4.2596,-0.34563,0.019644,4.2063,-0.30674,-0.23481,4.1004,-0.27268,-0.28812,4.0895,0.14152,0.10372,4.3861,0.31135,0.021939,4.2665,0.2099,0.2504,4.1856,0.18859,0.29705,4.1675,-0.13801,-0.27742,4.1867,-0.1945,-0.63839,4.0744,-0.20591,-0.99585,3.915,-0.16754,-1.0142,3.7877,0.0055003,-0.31183,4.226,0.22095,-0.62289,4.2646,0.19595,-1.0851,4.1834,0.30491,-1.0967,4.1572,-0.033082,0.19753,4.3392,-0.25352,-0.33518,4.0733,-0.25523,-0.27567,4.0722,0.15677,0.34552,4.1503,0.20559,0.29899,4.1225
27,-0.066113,-0.29807,4.248,-0.046678,-0.013827,4.3051,-0.028255,0.26593,4.3481,0.023035,0.40446,4.3803,-0.18578,0.15798,4.2594,-0.34595,0.018258,4.2053,-0.30667,-0.23253,4.1026,-0.27284,-0.28478,4.0891,0.1414,0.10404,4.3856,0.31412,0.043667,4.2564,0.21099,0.25209,4.1896,0.19588,0.29801,4.166,-0.13635,-0.27816,4.1865,-0.19884,-0.63472,4.0741,-0.20531,-0.9964,3.9128,-0.16699,-1.0146,3.7856,0.005918,-0.3118,4.2257,0.22719,-0.63285,4.2667,0.19697,-1.0943,4.1825,0.30671,-1.1003,4.1574,-0.032623,0.19673,4.34,-0.27352,-0.39305,4.0733,-0.23925,-0.30439,4.0576,0.15767,0.35277,4.1246,0.21624,0.29693,4.1334
28,-0.06723,-0.2977,4.2471,-0.046908,-0.013494,4.3053,-0.027754,0.26678,4.35,0.020876,0.40469,4.3818,-0.18613,0.15793,4.2592,-0.34587,0.017292,4.2047,-0.30631,-0.23211,4.1025,-0.27332,-0.28406,4.0901,0.14132,0.10567,4.3845,0.31911,0.044769,4.264,0.22158,0.25078,4.1867,0.19737,0.30194,4.1755,-0.13824,-0.27797,4.186,-0.20975,-0.56066,4.0729,-0.22492,-1.0064,3.9171,-0.164,-1.0242,3.824,0.0051854,-0.31123,4.2242,0.22642,-0.63042,4.2672,0.19722,-1.092,4.1831,0.3065,-1.1011,4.1577,-0.032452,0.1974,4.3412,-0.26214,-0.37044,4.0693,-0.24262,-0.28585,4.0672,0.16853,0.35772,4.1603,0.21092,0.30688,4.1228
29,-0.066903,-0.2976,4.2466,-0.047198,-0.01347,4.3045,-0.029109,0.26641,4.3482,0.019751,0.40517,4.3826,-0.18663,0.15796,4.2589,-0.34739,0.011753,4.2034,-0.32937,-0.18762,4.1169,-0.28978,-0.24516,4.1086,0.14179,0.10692,4.3844,0.32126,0.052571,4.2632,0.19738,0.29573,4.199,0.18789,0.33214,4.1702,-0.13793,-0.27799,4.1856,-0.20399,-0.59131,4.0892,-0.20561,-0.99604,3.9133,-0.1677,-1.0142,3.7858,0.0055057,-0.31102,4.2235,0.22711,-0.63293,4.2676,0.19822,-1.0944,4.1829,0.30763,-1.1034,4.1564,-0.033463,0.19716,4.3398,-0.26705,-0.31753,4.0755,-0.25107,-0.22404,4.1415,0.16409,0.37148,4.1447,0.19947,0.32762,4.1301
30,-0.06855,-0.297,4.2466,-0.04885,-0.012961,4.3039,-0.030479,0.26664,4.3469,0.015453,0.40467,4.3851,-0.18732,0.15816,4.2587,-0.34757,0.010024,4.2009,-0.32874,-0.19001,4.1164,-0.2911,-0.24252,4.1141,0.14228,0.10947,4.3838,0.32234,0.073424,4.2559,0.20254,0.29388,4.1977,0.18515,0.3355,4.1827,-0.13997,-0.27704,4.1855,-0.19855,-0.64871,4.0813,-0.20562,-0.99583,3.9124,-0.16805,-1.014,3.7848,0.0042073,-0.31077,4.2236,0.22717,-0.63279,4.2676,0.19596,-1.094,4.1825,0.30547,-1.1025,4.1561,-0.034913,0.19745,4.3387,-0.26825,-0.33213,4.0771,-0.2498,-0.23526,4.1287,0.16966,0.38255,4.1418,0.21967,0.32206,4.1223
31,-0.069588,-0.2968,4.2468,-0.049068,-0.012885,4.304,-0.030335,0.26664,4.3471,0.01383,0.4063,4.3864,-0.18751,0.15804,4.2583,-0.34782,0.0097013,4.2009,-0.30499,-0.22709,4.0974,-0.27693,-0.27774,4.0854,0.14237,0.11126,4.3838,0.32443,0.081165,4.2574,0.20696,0.29777,4.1968,0.19433,0.34329,4.1792,-0.14092,-0.27671,4.1856,-0.20152,-0.58141,4.0932,-0.20428,-0.99508,3.9125,-0.18129,-1.0381,3.8111,0.0030738,-0.31075,4.2238,0.22723,-0.63284,4.2677,0.19696,-1.0942,4.1827,0.30703,-1.0989,4.1564,-0.034876,0.19746,4.3389,-0.25026,-0.38044,4.0573,-0.2448,-0.27867,4.0571,0.17183,0.38699,4.149,0.22587,0.31949,4.1325
32,-0.070564,-0.2968,4.2475,-0.049862,-0.012651,4.304,-0.031058,0.26708,4.3462,0.0095415,0.40784,4.3877,-0.18771,0.15804,4.2582,-0.34673,0.011804,4.2018,-0.30606,-0.22872,4.1026,-0.27512,-0.28446,4.0898,0.14203,0.11244,4.3835,0.32654,0.09839,4.2581,0.23029,0.28922,4.187,0.20592,0.33831,4.1686,-0.14228,-0.27684,4.1868,-0.25683,-0.55281,4.1445,-0.22114,-0.97633,3.9348,-0.18149,-1.0132,3.836,0.0024307,-0.31069,4.2243,0.2581,-0.61261,4.268,0.17591,-1.0664,4.1744,0.28262,-1.0865,4.1511,-0.035603,0.19782,4.3383,-0.2679,-0.37626,4.0723,-0.24645,-0.28335,4.057,0.18096,0.39391,4.1423,0.22946,0.33436,4.1356
33,-0.071062,-0.29607,4.2479,-0.049911,-0.011156,4.3049,-0.029826,0.26966,4.348,0.0065446,0.41069,4.3869,-0.1878,0.15809,4.2581,-0.34688,0.012086,4.2018,-0.30589,-0.22891,4.1028,-0.2717,-0.29256,4.0863,0.14217,0.1143,4.3832,0.327,0.10432,4.2579,0.23481,0.29335,4.1842,0.20073,0.3512,4.1674,-0.14302,-0.27645,4.1875,-0.19929,-0.64278,4.0813,-0.20507,-0.99576,3.9111,-0.16788,-1.014,3.7834,0.0020974,-0.30946,4.2244,0.2286,-0.62213,4.2728,0.19789,-1.0831,4.1854,0.30701,-1.095,4.1567,-0.034802,0.20008,4.3399,-0.25963,-0.37669,4.0647,-0.24641,-0.28598,4.058,0.1696,0.41077,4.1411,0.20674,0.37593,4.1226
34,-0.071716,-0.29608,4.2473,-0.050564,-0.01085,4.3041,-0.030345,0.27016,4.347,0.0029147,0.41026,4.3879,-0.18805,0.15835,4.2582,-0.34754,0.010061,4.2016,-0.30446,-0.23034,4.1033,-0.27407,-0.28231,4.089,0.14214,0.1157,4.3826,0.32866,0.11316,4.2599,0.22813,0.31632,4.189,0.19819,0.36927,4.1925,-0.14346,-0.27651,4.1875,-0.23979,-0.55662,4.1002,-0.23616,-0.9975,3.9292,-0.16986,-1.0031,3.8372,0.0010942,-0.30943,4.2225,0.22843,-0.62323,4.2728,0.19865,-1.0841,4.1846,0.30715,-1.0988,4.1562,-0.035355,0.20054,4.3389,-0.25728,-0.38147,4.0737,-0.24181,-0.28514,4.0613,0.1828,0.42072,4.1838,0.22581,0.36127,4.1321
35,-0.071937,-0.29591,4.2475,-0.051147,-0.010426,4.3041,-0.031435,0.27086,4.3464,-0.00029646,0.41137,4.3904,-0.18831,0.15839,4.2581,-0.34752,0.010168,4.2016,-0.32862,-0.19386,4.1294,-0.29035,-0.24252,4.1156,0.14204,0.11638,4.382,0.32937,0.11676,4.2607,0.22535,0.32296,4.1931,0.20249,0.3665,4.1744,-0.14395,-0.27644,4.1885,-0.19026,-0.64377,4.0813,-0.20606,-0.99568,3.9126,-0.17882,-1.0387,3.8127,0.00099731,-0.30923,4.2225,0.25608,-0.6112,4.2677,0.17939,-1.0661,4.1754,0.28567,-1.0879,4.1515,-0.0363,0.20116,4.3385,-0.26779,-0.33156,4.0701,-0.25238,-0.23568,4.1262,0.15308,0.42913,4.1543,0.21181,0.39127,4.1413
36,-0.071829,-0.29606,4.2473,-0.05138,-0.010439,4.3038,-0.032256,0.27097,4.3457,-0.00058011,0.41105,4.3902,-0.18867,0.1586,4.2574,-0.34753,0.0094157,4.2015,-0.32832,-0.1942,4.128,-0.28878,-0.24502,4.112,0.14205,0.11742,4.3809,0.32894,0.12537,4.2592,0.22596,0.32432,4.1919,0.20327,0.37915,4.1767,-0.14338,-0.27703,4.1886,-0.1965,-0.60525,4.0883,-0.20618,-0.99557,3.9124,-0.13978,-1.0026,3.8214,0.00085049,-0.30919,4.2217,0.25593,-0.61096,4.2676,0.17951,-1.0659,4.1753,0.28577,-1.088,4.151,-0.036947,0.20124,4.3379,-0.26854,-0.33356,4.0839,-0.25364,-0.22549,4.1464,0.16541,0.43738,4.179,0.21354,0.39678,4.1328
37,-0.071962,-0.29605,4.2473,-0.051355,-0.010201,4.3039,-0.031588,0.27179,4.3463,-0.0035322,0.40605,4.3904,-0.18898,0.15877,4.2569,-0.34746,0.0093024,4.2015,-0.32792,-0.1925,4.1223,-0.28953,-0.24486,4.1134,0.14193,0.1183,4.3802,0.32815,0.13544,4.2584,0.22609,0.33737,4.1852,0.20399,0.38291,4.1727,-0.14361,-0.27699,4.1888,-0.19781,-0.6474,4.0819,-0.20637,-0.99557,3.9121,-0.1387,-1.0026,3.8227,0.00070145,-0.3092,4.2215,0.22774,-0.63054,4.2689,0.20245,-1.0922,4.1845,0.31227,-1.0996,4.1564,-0.036516,0.20189,4.3383,-0.2685,-0.33258,4.0811,-0.2562,-0.225,4.1508,0.1605,0.44386,4.1506,0.22103,0.39285,4.1315
38,-0.072236,-0.29592,4.2468,-0.05184,-0.009795,4.3033,-0.032187,0.27229,4.3456,-0.004674,0.40639,4.3907,-0.18912,0.15894,4.2566,-0.34675,0.0097523,4.2015,-0.3077,-0.23753,4.1013,-0.27242,-0.2963,4.0823,0.14188,0.11888,4.3797,0.32704,0.14119,4.257,0.22845,0.33832,4.1847,0.20625,0.38729,4.1752,-0.14402,-0.27707,4.1885,-0.19363,-0.66246,4.0747,-0.20553,-0.99548,3.9125,-0.16909,-1.0137,3.7845,0.0006391,-0.30876,4.2206,0.25542,-0.6104,4.2677,0.18046,-1.0655,4.1751,0.28679,-1.0871,4.1513,-0.037086,0.20238,4.3377,-0.26379,-0.38867,4.0661,-0.24324,-0.28961,4.0567,0.16547,0.44892,4.1803,0.22198,0.40946,4.1366
39,-0.072491,-0.29616,4.2468,-0.052216,-0.0098448,4.303,-0.032767,0.27239,4.3447,-0.006007,0.4046,4.3907,-0.1892,0.1591,4.2562,-0.34572,0.011368,4.2014,-0.30721,-0.23532,4.1004,-0.27383,-0.28253,4.0831,0.14195,0.11916,4.3793,0.32025,0.13617,4.2443,0.23361,0.33899,4.1846,0.20637,0.39403,4.1765,-0.14436,-0.27731,4.1885,-0.19352,-0.66274,4.0746,-0.20555,-0.99515,3.9124,-0.16914,-1.0134,3.7843,0.00048818,-0.309,4.2206,0.25519,-0.61089,4.2671,0.18077,-1.0661,4.1744,0.28709,-1.0875,4.1509,-0.037606,0.20244,4.337,-0.26036,-0.33158,4.0701,-0.24998,-0.27798,4.0631,0.15416,0.45512,4.1846,0.22403,0.41066,4.141
40,-0.072774,-0.29633,4.2467,-0.052568,-0.0097198,4.3028,-0.033232,0.27286,4.3443,-0.0063557,0.40524,4.3916,-0.18935,0.15912,4.256,-0.34836,0.0079741,4.2013,-0.31041,-0.21636,4.1145,-0.2822,-0.27111,4.0942,0.142,0.11965,4.3792,0.32913,0.14788,4.2616,0.22845,0.36725,4.1807,0.20992,0.3924,4.1768,-0.14456,-0.27765,4.1887,-0.18034,-0.56573,4.0697,-0.21247,-1.0106,3.9141,-0.19078,-1.0289,3.7978,1.351e-05,-0.3091,4.2204,0.22633,-0.63346,4.2639,0.20039,-1.0954,4.1812,0.31045,-1.0995,4.1553,-0.038043,0.20281,4.3367,-0.25551,-0.35669,4.0816,-0.25617,-0.25298,4.0989,0.19141,0.44908,4.1643,0.24524,0.375,4.1424
41,-0.072788,-0.2963,4.2467,-0.052731,-0.0092963,4.3023,-0.03354,0.27378,4.3432,-0.0077058,0.40715,4.3927,-0.18971,0.15916,4.2557,-0.34879,0.0075758,4.2008,-0.32589,-0.19129,4.1142,-0.28858,-0.24597,4.1067,0.14211,0.12026,4.3788,0.35043,0.15406,4.2281,0.22844,0.36759,4.1806,0.20412,0.39987,4.1716,-0.14466,-0.27772,4.1887,-0.20202,-0.58489,4.0853,-0.20585,-0.99517,3.9122,-0.16957,-1.0135,3.7841,0.00017333,-0.30887,4.2201,0.252,-0.61308,4.2668,0.17606,-1.0677,4.1725,0.28234,-1.0891,4.1497,-0.038315,0.20361,4.3357,-0.2623,-0.32609,4.0709,-0.24938,-0.23819,4.1193,0.15873,0.46316,4.1543,0.14677,0.39394,4.1593
42,-0.073127,-0.29608,4.2465,-0.053005,-0.0088299,4.3021,-0.033626,0.2743,4.343,-0.0086141,0.40836,4.393,-0.18989,0.15931,4.2555,-0.34891,0.0074952,4.2012,-0.32642,-0.19124,4.1141,-0.28659,-0.24456,4.1141,0.14112,0.1255,4.3745,0.30469,0.19799,4.2394,0.2218,0.38751,4.1758,0.2087,0.40731,4.1781,-0.14551,-0.27766,4.1894,-0.18705,-0.64577,4.0696,-0.20552,-0.99514,3.9116,-0.17035,-1.0134,3.7831,-3.4793e-05,-0.30817,4.2191,0.22793,-0.6298,4.2679,0.19973,-1.0911,4.1821,0.30918,-1.0999,4.1556,-0.038448,0.20414,4.3355,-0.2649,-0.3238,4.0622,-0.25053,-0.2318,4.1279,0.15478,0.46608,4.1399,0.18259,0.4016,4.1785
43,-0.070953,-0.29586,4.2459,-0.052865,-0.0086588,4.3019,-0.034389,0.27461,4.3428,-0.0087465,0.40863,4.393,-0.19006,0.15941,4.255,-0.34849,0.011136,4.2022,-0.32645,-0.18805,4.1162,-0.29365,-0.2417,4.1071,0.14097,0.12769,4.3733,0.31793,0.18071,4.2381,0.22787,0.37643,4.1821,0.20558,0.41452,4.18,-0.14194,-0.27876,4.189,-0.1872,-0.64626,4.0691,-0.20561,-0.99499,3.9107,-0.17071,-1.0131,3.7821,0.0016305,-0.307,4.2183,0.22781,-0.62968,4.2678,0.19893,-1.091,4.1821,0.3086,-1.0978,4.1564,-0.038839,0.20438,4.3353,-0.2642,-0.319,4.0659,-0.2568,-0.21945,4.1608,0.1621,0.47305,4.1673,0.16791,0.40313,4.1464
44,-0.068864,-0.29619,4.2458,-0.052548,-0.0086083,4.3017,-0.034722,0.27475,4.3425,-0.0091324,0.40981,4.3932,-0.19021,0.1595,4.2549,-0.34859,0.01109,4.2021,-0.31853,-0.20956,4.1113,-0.29421,-0.252,4.0874,0.14095,0.12902,4.3722,0.31133,0.18959,4.2381,0.23294,0.38163,4.1769,0.20065,0.41507,4.1765,-0.13918,-0.2802,4.1896,-0.20102,-0.59676,4.0892,-0.20638,-0.99519,3.9113,-0.17177,-1.0133,3.7825,0.0034144,-0.30652,4.2177,0.22833,-0.62982,4.268,0.19596,-1.0908,4.1815,0.30569,-1.0971,4.1562,-0.038976,0.20448,4.3351,-0.26725,-0.29199,4.0616,-0.25778,-0.26579,4.0741,0.15875,0.47119,4.1699,0.14846,0.40375,4.1657
45,-0.064517,-0.29716,4.2454,-0.050211,-0.0075704,4.3032,-0.033614,0.27868,4.3479,-0.009683,0.40987,4.3936,-0.19028,0.15954,4.2549,-0.34859,0.011107,4.2021,-0.31814,-0.21203,4.1117,-0.29259,-0.25799,4.0965,0.14054,0.13009,4.3717,0.31016,0.19495,4.2388,0.23082,0.38804,4.1839,0.20363,0.41579,4.1839,-0.13199,-0.28283,4.1895,-0.20212,-0.59139,4.0892,-0.20644,-0.99434,3.9132,-0.17191,-1.0123,3.7843,0.0054384,-0.30643,4.2173,0.25694,-0.61098,4.2637,0.1771,-1.0657,4.1735,0.28363,-1.0858,4.1513,-0.037535,0.20745,4.3391,-0.26781,-0.30208,4.0807,-0.26714,-0.24996,4.1015,0.17706,0.46657,4.185,0.14762,0.40704,4.1605
46,-0.064812,-0.29728,4.2455,-0.05035,-0.0076506,4.3031,-0.034145,0.27815,4.3463,-0.010049,0.41008,4.3939,-0.1903,0.1597,4.2547,-0.34852,0.010951,4.2023,-0.31379,-0.21953,4.1106,-0.28578,-0.27332,4.0875,0.14064,0.13116,4.3713,0.30879,0.19762,4.2386,0.22929,0.39084,4.1847,0.20813,0.41788,4.1809,-0.13231,-0.28299,4.1902,-0.20184,-0.59131,4.0892,-0.20615,-0.99418,3.9133,-0.17176,-1.0121,3.7844,0.0047696,-0.30651,4.2171,0.22762,-0.63134,4.267,0.19655,-1.0923,4.1801,0.30631,-1.0974,4.1559,-0.037964,0.20714,4.3381,-0.27791,-0.34188,4.0826,-0.25045,-0.27851,4.0591,0.18067,0.47357,4.1796,0.16161,0.40479,4.1575
47,-0.064892,-0.29737,4.2455,-0.050528,-0.0074126,4.3034,-0.034899,0.27917,4.3477,-0.010887,0.40848,4.394,-0.19044,0.15982,4.2547,-0.34864,0.010867,4.2025,-0.31258,-0.22314,4.1102,-0.28288,-0.2718,4.0904,0.14084,0.13217,4.3713,0.30833,0.19964,4.2381,0.22703,0.39348,4.1914,0.20287,0.42345,4.1896,-0.13228,-0.28303,4.1901,-0.19311,-0.63983,4.0735,-0.20577,-0.99335,3.9146,-0.15362,-1.0259,3.8225,0.0042597,-0.30668,4.2172,0.25373,-0.61425,4.2591,0.19847,-1.1088,4.1793,0.30902,-1.1045,4.1557,-0.038597,0.20799,4.3392,-0.28516,-0.38256,4.0803,-0.24999,-0.29922,4.0517,0.17757,0.47388,4.1997,0.13996,0.41239,4.1686
48,-0.065165,-0.29749,4.2455,-0.050657,-0.007595,4.3032,-0.035066,0.27841,4.3467,-0.011052,0.40868,4.3949,-0.19045,0.15984,4.2547,-0.34795,0.012203,4.2023,-0.31091,-0.22588,4.1099,-0.27902,-0.27695,4.0894,0.14068,0.13239,4.3711,0.30818,0.20016,4.2379,0.22673,0.39385,4.1907,0.19773,0.42835,4.1897,-0.13248,-0.28317,4.1903,-0.201,-0.61244,4.0826,-0.20541,-0.99427,3.9137,-0.17115,-1.0122,3.7847,0.0036666,-0.30674,4.2167,0.22542,-0.63192,4.268,0.19496,-1.0928,4.1804,0.30435,-1.1017,4.1545,-0.038784,0.20746,4.3385,-0.25906,-0.36389,4.079,-0.27505,-0.28397,4.0398,0.15816,0.4805,4.1903,0.14786,0.41178,4.1582
49,-0.062104,-0.29696,4.2455,-0.049989,-0.0073882,4.3026,-0.035777,0.27831,4.3449,-0.011196,0.40873,4.395,-0.19053,0.15988,4.2546,-0.34657,0.017471,4.2031,-0.30864,-0.22742,4.1061,-0.27662,-0.27832,4.0842,0.14083,0.13282,4.3707,0.30592,0.2046,4.2346,0.22352,0.39852,4.1913,0.20105,0.42866,4.185,-0.12887,-0.28244,4.1906,-0.20117,-0.61067,4.0831,-0.20583,-0.99435,3.9131,-0.17169,-1.0123,3.7841,0.0061206,-0.30622,4.2165,0.22637,-0.63229,4.268,0.19722,-1.0934,4.1811,0.3067,-1.1029,4.1533,-0.039055,0.20748,4.3372,-0.26243,-0.37641,4.0738,-0.30124,-0.26582,4.0412,0.16244,0.48566,4.1773,0.14055,0.41418,4.1752
50,-0.062379,-0.29713,4.2455,-0.050059,-0.0074318,4.3026,-0.035894,0.27823,4.345,-0.011428,0.40941,4.3962,-0.19051,0.15996,4.2546,-0.34735,0.014057,4.2001,-0.31382,-0.21158,4.1101,-0.2902,-0.25959,4.0928,0.14082,0.13309,4.3703,0.32391,0.17245,4.2492,0.22768,0.38966,4.1936,0.20252,0.42352,4.1844,-0.12889,-0.28249,4.1905,-0.20157,-0.60863,4.0835,-0.20577,-0.99445,3.9127,-0.17169,-1.0124,3.7837,0.0051546,-0.30656,4.2167,0.25296,-0.61404,4.2633,0.17281,-1.0685,4.1717,0.27975,-1.0883,4.1476,-0.039179,0.20742,4.3372,-0.26524,-0.29815,4.0782,-0.31697,-0.25028,4.0575,0.15496,0.49194,4.2063,0.13677,0.41241,4.1765
51,-0.061084,-0.29776,4.246,-0.049906,-0.0076524,4.3026,-0.03655,0.27776,4.3448,-0.010561,0.40901,4.3957,-0.19043,0.16,4.2546,-0.34756,0.014357,4.2007,-0.32808,-0.18596,4.117,-0.29104,-0.2387,4.117,0.14079,0.13317,4.3703,0.32462,0.17235,4.2504,0.22618,0.39148,4.1948,0.20235,0.42832,4.1876,-0.12654,-0.28378,4.1913,-0.20126,-0.60664,4.0831,-0.2057,-0.99485,3.9127,-0.17163,-1.0128,3.7837,0.0057169,-0.30667,4.217,0.22616,-0.63277,4.2681,0.19691,-1.0937,4.1803,0.30656,-1.1013,4.1539,-0.039538,0.20708,4.3371,-0.26931,-0.32221,4.0928,-0.33041,-0.21297,4.0775,0.16555,0.47791,4.1845,0.15796,0.42195,4.1829
52,-0.06109,-0.29788,4.246,-0.049875,-0.0078567,4.3025,-0.036677,0.27732,4.3444,-0.011207,0.40998,4.3975,-0.19067,0.16005,4.2546,-0.34787,0.012987,4.2014,-0.32876,-0.18725,4.1175,-0.29108,-0.24279,4.1064,0.14072,0.13322,4.3702,0.32559,0.17286,4.2524,0.23086,0.38582,4.1954,0.20676,0.42891,4.1862,-0.1265,-0.28417,4.1915,-0.20465,-0.60463,4.0821,-0.20567,-0.99478,3.9124,-0.17163,-1.0127,3.7834,0.0056849,-0.30667,4.2169,0.25937,-0.61006,4.2614,0.17081,-1.0628,4.1689,0.27635,-1.0861,4.1474,-0.03965,0.20669,4.3368,-0.27181,-0.3201,4.0801,-0.31883,-0.23078,4.0522,0.17987,0.48286,4.1613,0.16544,0.42221,4.1792
53,-0.062132,-0.29797,4.2465,-0.050046,-0.0078698,4.3025,-0.036746,0.2773,4.3442,-0.010995,0.40926,4.3976,-0.19067,0.16006,4.2546,-0.34781,0.01825,4.206,-0.31553,-0.2175,4.1097,-0.28863,-0.2666,4.0917,0.14063,0.13341,4.3702,0.32559,0.17283,4.2524,0.22956,0.38786,4.1972,0.19798,0.43035,4.1926,-0.12744,-0.2841,4.192,-0.20553,-0.59791,4.0865,-0.20529,-0.99581,3.9119,-0.17129,-1.0138,3.7828,0.0045308,-0.30679,4.2174,0.2223,-0.62709,4.2611,0.2017,-1.0898,4.1818,0.31073,-1.1007,4.1554,-0.039762,0.20668,4.3367,-0.27411,-0.34363,4.0813,-0.31514,-0.26205,4.0577,0.16525,0.48834,4.1756,0.14444,0.42419,4.185
54,-0.062134,-0.29802,4.2466,-0.050047,-0.0078882,4.3025,-0.036823,0.27725,4.3441,-0.011167,0.41005,4.3983,-0.19068,0.16007,4.2546,-0.34589,0.016147,4.206,-0.33193,-0.18352,4.1194,-0.29835,-0.23688,4.1146,0.14057,0.13341,4.3701,0.32799,0.17281,4.2572,0.22876,0.39095,4.1987,0.19782,0.43369,4.1921,-0.12749,-0.2843,4.1923,-0.20782,-0.6487,4.0891,-0.20532,-0.99502,3.913,-0.17133,-1.013,3.784,0.0045372,-0.30678,4.2174,0.22263,-0.62676,4.2624,0.20183,-1.0893,4.1821,0.31133,-1.0981,4.1549,-0.039831,0.20664,4.3366,-0.2737,-0.30091,4.0747,-0.30682,-0.25927,4.0577,0.14902,0.49133,4.2013,0.15094,0.41255,4.1652
55,-0.056764,-0.2984,4.2481,-0.048582,-0.0077169,4.303,-0.036863,0.27743,4.3442,-0.010874,0.41017,4.3985,-0.19069,0.16019,4.2546,-0.34593,0.01626,4.2062,-0.31457,-0.22155,4.1052,-0.28484,-0.26836,4.0849,0.14048,0.13351,4.3699,0.32847,0.1725,4.2579,0.22974,0.39041,4.1981,0.19707,0.43415,4.1943,-0.12413,-0.28602,4.194,-0.20152,-0.58736,4.0853,-0.2052,-0.9947,3.9137,-0.17124,-1.0127,3.7846,0.012983,-0.30485,4.2185,0.25364,-0.61921,4.2606,0.19695,-1.1088,4.1792,0.27801,-1.1082,4.1492,-0.039751,0.20678,4.3367,-0.25547,-0.31029,4.0683,-0.31408,-0.25003,4.0487,0.15484,0.49159,4.206,0.13721,0.41727,4.1653
56,-0.059196,-0.29693,4.2485,-0.049229,-0.0064993,4.3045,-0.036791,0.27916,4.3479,-0.010964,0.41263,4.3998,-0.19074,0.16022,4.2545,-0.34591,0.016214,4.2061,-0.33214,-0.18331,4.1191,-0.298,-0.23708,4.1088,0.14048,0.13362,4.37,0.32872,0.17267,4.2585,0.22967,0.39139,4.1977,0.2027,0.43378,4.1946,-0.13094,-0.28271,4.1927,-0.20109,-0.58751,4.0853,-0.20518,-0.99469,3.9139,-0.19443,-1.0421,3.8134,0.012307,-0.30423,4.2195,0.228,-0.6346,4.2667,0.19209,-1.095,4.1781,0.3017,-1.0971,4.1574,-0.039921,0.20838,4.3397,-0.2711,-0.3107,4.0638,-0.31168,-0.24391,4.0603,0.16256,0.48797,4.2053,0.15108,0.42291,4.189
57,-0.064361,-0.2957,4.2504,-0.050392,-0.0054881,4.3063,-0.03632,0.28025,4.3499,-0.011331,0.41128,4.4023,-0.19086,0.16032,4.2547,-0.34613,0.016397,4.2064,-0.33158,-0.18338,4.1202,-0.29908,-0.24089,4.113,0.14042,0.13369,4.3699,0.32899,0.17242,4.259,0.2297,0.3914,4.1977,0.20348,0.43286,4.1911,-0.1375,-0.28058,4.1955,-0.20081,-0.58728,4.0866,-0.205,-0.99455,3.9141,-0.18101,-1.0406,3.8158,0.0090944,-0.30404,4.2207,0.22742,-0.63289,4.2674,0.19472,-1.0937,4.18,0.30454,-1.0967,4.1572,-0.039851,0.20942,4.3416,-0.2708,-0.31672,4.0651,-0.32115,-0.23898,4.0717,0.15982,0.49495,4.1833,0.1558,0.42277,4.1893
58,-0.066363,-0.29535,4.2511,-0.050883,-0.0052487,4.3062,-0.036291,0.28059,4.3484,-0.011344,0.41144,4.4024,-0.19074,0.16052,4.2548,-0.3458,0.016409,4.2063,-0.31162,-0.2202,4.113,-0.27934,-0.27535,4.0932,0.14042,0.13369,4.3699,0.32959,0.17236,4.2602,0.23854,0.383,4.1983,0.20948,0.42493,4.1862,-0.13985,-0.27941,4.1967,-0.19948,-0.59035,4.0852,-0.20538,-0.99501,3.9134,-0.17149,-1.013,3.7843,0.0075505,-0.30449,4.2212,0.22766,-0.63228,4.2675,0.19841,-1.0936,4.1818,0.30831,-1.0969,4.1579,-0.039991,0.20972,4.3407,-0.26445,-0.35494,4.0701,-0.27276,-0.35307,4.0615,0.18732,0.48061,4.1583,0.15107,0.41163,4.161
59,-0.067879,-0.29511,4.2513,-0.051058,-0.005258,4.306,-0.035577,0.28014,4.3473,-0.011543,0.41113,4.4032,-0.19062,0.16063,4.2552,-0.34532,0.015124,4.2069,-0.33107,-0.18847,4.132,-0.28964,-0.24152,4.1159,0.14034,0.13374,4.3699,0.32964,0.17241,4.2604,0.2428,0.37853,4.1985,0.2069,0.42944,4.1898,-0.14183,-0.27905,4.1973,-0.19906,-0.58904,4.0852,-0.2049,-0.99472,3.9138,-0.13951,-1.0098,3.8248,0.0066541,-0.30449,4.2211,0.2281,-0.63147,4.2671,0.19779,-1.0927,4.1814,0.30764,-1.0965,4.1575,-0.03965,0.20947,4.3399,-0.26845,-0.33237,4.0801,-0.30778,-0.23602,4.0555,0.17343,0.48165,4.1673,0.14798,0.41852,4.1941
60,-0.066371,-0.29518,4.2514,-0.050592,-0.0054528,4.306,-0.035394,0.27971,4.3471,-0.011238,0.41066,4.4029,-0.19078,0.16051,4.2553,-0.34525,0.014996,4.2068,-0.30819,-0.22463,4.1052,-0.27738,-0.27321,4.0892,0.14034,0.13375,4.3699,0.33001,0.17205,4.2611,0.24505,0.37658,4.1985,0.20474,0.43151,4.1848,-0.13968,-0.27999,4.1973,-0.20041,-0.5879,4.087,-0.2052,-0.99445,3.9135,-0.14905,-0.91992,3.9062,0.0080415,-0.30403,4.2214,0.22896,-0.63131,4.2676,0.19732,-1.0924,4.1814,0.30724,-1.0959,4.1573,-0.039384,0.20911,4.3397,-0.26213,-0.38156,4.0693,-0.31051,-0.2563,4.06,0.15857,0.49105,4.1503,0.14305,0.42745,4.1935
61,-0.067589,-0.29482,4.2513,-0.051033,-0.0055763,4.3058,-0.035473,0.27888,4.3462,-0.011272,0.41066,4.4029,-0.19079,0.1605,4.2553,-0.345,0.014946,4.2067,-0.30919,-0.22225,4.1086,-0.28066,-0.2739,4.0949,0.14038,0.13373,4.3699,0.33006,0.17212,4.2612,0.24525,0.37486,4.1993,0.20662,0.42834,4.1907,-0.14129,-0.27917,4.1964,-0.19261,-0.64426,4.0813,-0.20477,-0.99409,3.9134,-0.17102,-1.0122,3.7843,0.0069381,-0.30404,4.222,0.22896,-0.63079,4.2675,0.19726,-1.0919,4.1815,0.30714,-1.0959,4.1572,-0.039553,0.20853,4.3391,-0.27784,-0.35667,4.0816,-0.2931,-0.26978,4.0345,0.18892,0.47905,4.1943,0.14014,0.41529,4.1748
62,-0.068799,-0.29402,4.2514,-0.051159,-0.0056053,4.3057,-0.035001,0.27794,4.3458,-0.011256,0.41066,4.4029,-0.19085,0.16052,4.2553,-0.34581,0.012596,4.2063,-0.31077,-0.21372,4.1122,-0.28604,-0.25937,4.0879,0.14062,0.13438,4.3703,0.33017,0.17176,4.2608,0.23614,0.38737,4.2013,0.20338,0.43029,4.1867,-0.14245,-0.27833,4.1967,-0.2016,-0.60141,4.085,-0.20472,-0.99405,3.9134,-0.12818,-1.0057,3.8413,0.0058659,-0.30343,4.2219,0.22835,-0.62978,4.2678,0.19604,-1.0908,4.1819,0.30594,-1.0954,4.157,-0.039323,0.20795,4.3388,-0.26724,-0.3198,4.0618,-0.3242,-0.23838,4.0684,0.15914,0.48719,4.1658,0.14226,0.41367,4.17
63,-0.069218,-0.29416,4.2513,-0.05088,-0.0053942,4.3058,-0.031613,0.27962,4.3468,-0.011478,0.41081,4.4029,-0.19085,0.16052,4.2553,-0.34539,0.013086,4.2061,-0.31283,-0.20998,4.1113,-0.29071,-0.26116,4.0926,0.14058,0.13438,4.3703,0.33042,0.17131,4.2613,0.23912,0.38233,4.1996,0.21004,0.42166,4.1917,-0.14304,-0.27858,4.1968,-0.19609,-0.62813,4.0852,-0.20449,-0.99387,3.914,-0.17072,-1.012,3.785,0.0055638,-0.30357,4.2217,0.22829,-0.62953,4.2683,0.1979,-1.0907,4.1821,0.30777,-1.0954,4.1572,-0.036946,0.2091,4.3394,-0.27416,-0.35487,4.0823,-0.32064,-0.25092,4.057,0.19191,0.4737,4.1978,0.1373,0.41522,4.1846
64,-0.067082,-0.29464,4.252,-0.050871,-0.0054609,4.3058,-0.034153,0.27894,4.3455,-0.011255,0.4111,4.403,-0.19085,0.16052,4.2553,-0.34537,0.013104,4.2063,-0.31309,-0.20905,4.1133,-0.28991,-0.25738,4.0897,0.14065,0.13447,4.3703,0.33056,0.17113,4.2613,0.23187,0.38925,4.1993,0.20442,0.42161,4.1876,-0.14003,-0.27996,4.1977,-0.19624,-0.62891,4.0852,-0.20442,-0.99374,3.9142,-0.17068,-1.0119,3.7851,0.0071977,-0.30348,4.2223,0.22819,-0.63043,4.2682,0.20172,-1.0921,4.1835,0.31119,-1.1005,4.157,-0.038238,0.20864,4.3387,-0.2781,-0.30837,4.0578,-0.31048,-0.25757,4.0453,0.17326,0.4818,4.1849,0.13668,0.41211,4.1735
65,-0.066252,-0.29485,4.2518,-0.050768,-0.005732,4.3057,-0.034783,0.2781,4.3452,-0.011233,0.41094,4.4033,-0.19104,0.16044,4.2551,-0.34517,0.013981,4.2061,-0.33078,-0.18638,4.1215,-0.29521,-0.24083,4.1082,0.14065,0.13442,4.3703,0.33014,0.17103,4.2604,0.23034,0.38956,4.1975,0.20812,0.41737,4.1812,-0.1388,-0.28038,4.197,-0.19816,-0.61311,4.0853,-0.20419,-0.99365,3.9142,-0.17042,-1.0118,3.7852,0.0077376,-0.30354,4.2223,0.25211,-0.61516,4.2644,0.17551,-1.0704,4.1737,0.28257,-1.0888,4.151,-0.03862,0.20797,4.3384,-0.27578,-0.31336,4.0741,-0.30979,-0.24834,4.0425,0.15963,0.48866,4.1783,0.16137,0.41372,4.1845
66,-0.06733,-0.29478,4.2518,-0.05114,-0.0050937,4.3066,-0.03425,0.28035,4.3487,-0.010934,0.41083,4.4049,-0.191,0.1605,4.2552,-0.34535,0.014692,4.206,-0.30819,-0.2245,4.1013,-0.27861,-0.27508,4.086,0.14079,0.1343,4.3705,0.32813,0.17294,4.257,0.23126,0.38398,4.1967,0.20887,0.41168,4.1785,-0.14074,-0.27993,4.1967,-0.19872,-0.61255,4.0853,-0.20414,-0.99357,3.914,-0.17031,-1.0117,3.7849,0.0071514,-0.30369,4.2226,0.25259,-0.61457,4.2643,0.1751,-1.0696,4.1737,0.28254,-1.0866,4.151,-0.038464,0.20963,4.3408,-0.26202,-0.35914,4.0673,-0.30306,-0.26297,4.0528,0.1793,0.46998,4.1479,0.1497,0.40122,4.1507
67,-0.067749,-0.2943,4.2508,-0.051284,-0.0051109,4.3058,-0.034331,0.27962,4.3475,-0.011069,0.41087,4.4047,-0.19101,0.16056,4.2551,-0.34539,0.01391,4.2053,-0.31229,-0.2116,4.113,-0.28508,-0.26768,4.0914,0.14078,0.13431,4.3705,0.32591,0.17577,4.2284,0.23461,0.37812,4.1923,0.20601,0.4177,4.1836,-0.14087,-0.27955,4.196,-0.19086,-0.63428,4.0771,-0.2037,-0.99371,3.9129,-0.18839,-1.04,3.8122,0.0064214,-0.30314,4.2213,0.2536,-0.61219,4.2646,0.17497,-1.067,4.1736,0.28216,-1.0852,4.1506,-0.038563,0.20913,4.3398,-0.26613,-0.3531,4.0774,-0.31055,-0.26183,4.0604,0.16945,0.473,4.1735,0.17244,0.40277,4.1754
68,-0.066768,-0.29515,4.2497,-0.051014,-0.0055554,4.3053,-0.034502,0.27924,4.347,-0.011548,0.41049,4.4044,-0.19104,0.16056,4.2552,-0.3451,0.015312,4.2052,-0.32626,-0.18337,4.117,-0.29041,-0.23638,4.1061,0.14076,0.13425,4.3705,0.31083,0.19271,4.2368,0.22957,0.38678,4.1912,0.19908,0.41155,4.1871,-0.13823,-0.28079,4.1936,-0.19866,-0.59318,4.0883,-0.20363,-0.99361,3.913,-0.18012,-1.0335,3.8092,0.0065641,-0.30368,4.221,0.23002,-0.62891,4.2684,0.19837,-1.09,4.1823,0.30824,-1.0961,4.1559,-0.038631,0.20875,4.3393,-0.26788,-0.32053,4.0713,-0.32272,-0.2196,4.0596,0.15391,0.47146,4.1775,0.13362,0.40256,4.1848
69,-0.066208,-0.2961,4.2496,-0.050895,-0.0061743,4.305,-0.034905,0.27855,4.3462,-0.01137,0.41093,4.4031,-0.19112,0.16045,4.2551,-0.34627,0.013782,4.2044,-0.32908,-0.18693,4.1213,-0.29185,-0.24315,4.1113,0.14079,0.13424,4.3707,0.33081,0.15036,4.2559,0.23106,0.37428,4.1923,0.20111,0.40892,4.1804,-0.13705,-0.28179,4.1937,-0.19869,-0.59256,4.0884,-0.20379,-0.99367,3.9131,-0.16991,-1.0117,3.7841,0.0066018,-0.30466,4.2209,0.23011,-0.6297,4.2688,0.19989,-1.0909,4.183,0.30962,-1.0987,4.1553,-0.038872,0.2081,4.3387,-0.2712,-0.31938,4.0709,-0.32014,-0.23598,4.0619,0.16174,0.46081,4.1588,0.15887,0.40386,4.1865
70,-0.063791,-0.29737,4.2493,-0.050125,-0.0073568,4.3043,-0.035411,0.27684,4.3448,-0.011544,0.41061,4.4029,-0.19121,0.16042,4.255,-0.34617,0.014046,4.2041,-0.30695,-0.23605,4.113,-0.27464,-0.29493,4.0912,0.14079,0.13415,4.3708,0.342,0.14217,4.2347,0.23015,0.37303,4.1936,0.20647,0.4037,4.1761,-0.13213,-0.28439,4.1941,-0.19835,-0.59245,4.0885,-0.20375,-0.99456,3.9131,-0.16984,-1.0126,3.784,0.0072832,-0.30505,4.2205,0.22771,-0.62887,4.2669,0.20019,-1.0906,4.1833,0.30997,-1.0983,4.1552,-0.039013,0.20658,4.3375,-0.26454,-0.38977,4.0776,-0.29009,-0.33533,4.0707,0.16105,0.45677,4.165,0.19356,0.38082,4.1571
71,-0.063933,-0.29741,4.2493,-0.050258,-0.007423,4.3043,-0.035673,0.27675,4.3449,-0.01169,0.4105,4.4027,-0.19122,0.16045,4.2551,-0.34602,0.01413,4.2041,-0.31406,-0.20943,4.1159,-0.28855,-0.26317,4.0975,0.14069,0.13414,4.3708,0.33437,0.14216,4.2626,0.22541,0.3659,4.1926,0.20264,0.39464,4.1835,-0.13243,-0.28438,4.1941,-0.20028,-0.59127,4.0886,-0.20359,-0.99426,3.9134,-0.16968,-1.0123,3.7844,0.0070939,-0.30512,4.2203,0.25925,-0.6088,4.268,0.17973,-1.0632,4.1752,0.28627,-1.0845,4.1503,-0.039248,0.20649,4.3375,-0.26695,-0.34214,4.0856,-0.31241,-0.26051,4.0701,0.16379,0.44996,4.1373,0.1599,0.41225,4.185
72,-0.065465,-0.29721,4.2489,-0.05081,-0.0074928,4.304,-0.035864,0.2766,4.3446,-0.011855,0.41083,4.4039,-0.1912,0.16044,4.255,-0.34617,0.014251,4.2039,-0.30967,-0.21982,4.1106,-0.28102,-0.2734,4.0904,0.14065,0.13412,4.3708,0.3373,0.1319,4.2203,0.23154,0.33355,4.1882,0.19722,0.39369,4.1724,-0.13605,-0.28273,4.1934,-0.20133,-0.59212,4.0881,-0.20362,-0.99464,3.9125,-0.16969,-1.0127,3.7835,0.0063551,-0.30553,4.2201,0.22749,-0.63005,4.2689,0.19837,-1.0912,4.1821,0.30778,-1.1006,4.1547,-0.039522,0.20634,4.3372,-0.25658,-0.35931,4.0691,-0.30587,-0.27587,4.0579,0.14544,0.44791,4.153,0.17343,0.38675,4.1506
73,-0.067345,-0.29668,4.2491,-0.051006,-0.0074796,4.304,-0.03567,0.27646,4.3445,-0.012041,0.41037,4.4041,-0.19115,0.16046,4.255,-0.34623,0.013445,4.2035,-0.32435,-0.18727,4.1217,-0.29018,-0.24247,4.1076,0.14064,0.1341,4.3708,0.32736,0.1444,4.249,0.23196,0.33215,4.1887,0.1981,0.38408,4.1844,-0.13924,-0.28126,4.1936,-0.20122,-0.59199,4.0879,-0.20375,-0.9949,3.9122,-0.16982,-1.013,3.7832,0.0053953,-0.3056,4.2204,0.25847,-0.61009,4.2631,0.17302,-1.0637,4.172,0.2792,-1.0856,4.149,-0.039471,0.20628,4.3372,-0.2619,-0.32002,4.0646,-0.31802,-0.23412,4.0628,0.15734,0.43799,4.1666,0.16721,0.37232,4.1752
74,-0.06746,-0.29648,4.2493,-0.050666,-0.006278,4.3054,-0.033725,0.27965,4.3487,-0.011645,0.41095,4.405,-0.19117,0.16045,4.2551,-0.34613,0.013223,4.2036,-0.31769,-0.20358,4.1244,-0.27765,-0.26332,4.1089,0.14065,0.13401,4.3712,0.33907,0.12731,4.2222,0.23153,0.32891,4.1885,0.19284,0.383,4.1785,-0.1395,-0.28094,4.1938,-0.20277,-0.59147,4.0881,-0.20375,-0.99439,3.9137,-0.16972,-1.0124,3.7847,0.0054172,-0.30551,4.2206,0.22688,-0.63193,4.2686,0.19711,-1.093,4.1817,0.30692,-1.0977,4.1571,-0.038057,0.20882,4.3405,-0.25412,-0.34613,4.0886,-0.30722,-0.26483,4.0486,0.14233,0.43668,4.1723,0.16079,0.40079,4.1696
75,-0.066126,-0.29626,4.2496,-0.050159,-0.0061831,4.3053,-0.033547,0.27959,4.3482,-0.011986,0.41229,4.4049,-0.19119,0.16045,4.2551,-0.34614,0.013223,4.2037,-0.32541,-0.18762,4.1219,-0.28844,-0.24512,4.1136,0.14064,0.13399,4.3713,0.33108,0.12473,4.2563,0.22616,0.32542,4.1909,0.18864,0.36957,4.1778,-0.13638,-0.28138,4.1947,-0.20296,-0.59086,4.0878,-0.20359,-0.99493,3.9126,-0.15647,-1.0253,3.8146,0.0059028,-0.30509,4.2206,0.25809,-0.61012,4.2639,0.17416,-1.0641,4.1733,0.28001,-1.0862,4.1517,-0.03781,0.20881,4.3401,-0.26262,-0.3209,4.076,-0.31258,-0.25115,4.0599,0.14968,0.41343,4.1393,0.14086,0.36646,4.2165
76,-0.065889,-0.29606,4.2496,-0.050011,-0.0061388,4.3052,-0.033432,0.27938,4.3477,-0.011862,0.41242,4.4052,-0.19114,0.16046,4.2551,-0.34569,0.014042,4.2033,-0.30892,-0.232,4.1013,-0.27749,-0.28313,4.0834,0.14052,0.13392,4.3714,0.32135,0.11284,4.2271,0.22414,0.31805,4.1895,0.18167,0.37001,4.1784,-0.13634,-0.28102,4.1944,-0.19933,-0.63681,4.0816,-0.20341,-0.99504,3.9128,-0.16935,-1.0131,3.7838,0.0065187,-0.30495,4.221,0.25649,-0.61274,4.2611,0.16477,-1.0649,4.1688,0.27077,-1.0861,4.1485,-0.037673,0.2087,4.3398,-0.27373,-0.3822,4.0763,-0.27382,-0.33769,4.077,0.14147,0.42274,4.1473,0.16116,0.35462,4.1765
77,-0.067167,-0.29546,4.2497,-0.050043,-0.0058768,4.3054,-0.032659,0.27969,4.3479,-0.01102,0.41163,4.404,-0.19114,0.16047,4.2551,-0.34643,0.011858,4.2028,-0.30976,-0.23214,4.1018,-0.27933,-0.28145,4.0891,0.14043,0.13384,4.3715,0.32301,0.1117,4.244,0.17302,0.35507,4.1922,0.17548,0.35978,4.1804,-0.13848,-0.2795,4.1941,-0.20622,-0.58637,4.0892,-0.20364,-0.99508,3.9124,-0.16956,-1.0131,3.7835,0.0055927,-0.30493,4.2214,0.22363,-0.63424,4.2673,0.19291,-1.0951,4.1796,0.30238,-1.103,4.1544,-0.037194,0.20898,4.34,-0.25811,-0.32866,4.0753,-0.32024,-0.2592,4.0708,0.14204,0.41565,4.1601,0.12764,0.36561,4.2518
78,-0.067504,-0.29488,4.2499,-0.050125,-0.0058951,4.3054,-0.032901,0.27861,4.3475,-0.0097922,0.41347,4.4054,-0.19105,0.16058,4.2554,-0.34652,0.011733,4.2029,-0.30964,-0.23228,4.1029,-0.2795,-0.2827,4.0914,0.14041,0.13369,4.3715,0.31954,0.094016,4.2312,0.20334,0.30716,4.1951,0.17379,0.35568,4.1845,-0.13947,-0.27861,4.1938,-0.20472,-0.58545,4.0892,-0.20413,-0.99553,3.9122,-0.16558,-1.0344,3.8147,0.0056179,-0.30448,4.2219,0.22425,-0.63307,4.269,0.19626,-1.0942,4.1821,0.30581,-1.1022,4.156,-0.037369,0.20835,4.3398,-0.27385,-0.36562,4.0778,-0.30312,-0.2945,4.0583,0.13822,0.41104,4.1626,0.15724,0.34207,4.1729
79,-0.067499,-0.29431,4.2491,-0.049487,-0.0058208,4.3052,-0.03034,0.27779,4.3479,-0.0075228,0.41372,4.4043,-0.19094,0.16059,4.2554,-0.34504,0.013305,4.2005,-0.31037,-0.23138,4.1033,-0.27852,-0.27883,4.0887,0.1404,0.13338,4.3717,0.31068,0.10598,4.2268,0.16083,0.34746,4.1951,0.17178,0.34556,4.1775,-0.13946,-0.27719,4.1918,-0.20432,-0.58185,4.0882,-0.20461,-0.99481,3.9123,-0.17046,-1.0129,3.7834,0.0056263,-0.30444,4.2218,0.2246,-0.6328,4.2689,0.19357,-1.0936,4.1807,0.30338,-1.0992,4.1555,-0.035372,0.20781,4.34,-0.2483,-0.32319,4.0696,-0.29382,-0.28762,4.0559,0.13318,0.39505,4.1543,0.15245,0.33738,4.1762
80,-0.067304,-0.29437,4.2495,-0.049722,-0.0062505,4.3053,-0.032352,0.27571,4.3468,-0.0070801,0.41278,4.404,-0.19086,0.16051,4.2555,-0.34512,0.013262,4.2009,-0.31573,-0.20667,4.1199,-0.29445,-0.25816,4.0996,0.14026,0.13285,4.3718,0.31139,0.088669,4.2329,0.20681,0.27335,4.1945,0.16653,0.33728,4.1788,-0.1394,-0.27728,4.192,-0.20485,-0.58372,4.0892,-0.20462,-0.99403,3.9124,-0.17041,-1.0121,3.7835,0.0060994,-0.30459,4.2226,0.22125,-0.63126,4.2664,0.19645,-1.0931,4.1825,0.30608,-1.1008,4.156,-0.036709,0.20622,4.3393,-0.27098,-0.34253,4.0903,-0.3111,-0.26125,4.0575,0.13025,0.38908,4.1508,0.14286,0.33941,4.1574
81,-0.06817,-0.2944,4.2496,-0.050401,-0.006972,4.305,-0.032964,0.2738,4.3457,-0.0046854,0.41213,4.405,-0.19088,0.16051,4.2555,-0.34525,0.012798,4.2022,-0.31704,-0.20291,4.1226,-0.29567,-0.26147,4.0986,0.14014,0.13254,4.3718,0.30583,0.087402,4.2258,0.1859,0.29002,4.1906,0.15885,0.33074,4.1755,-0.14032,-0.27702,4.1918,-0.20366,-0.58905,4.0879,-0.20431,-0.99402,3.9128,-0.1701,-1.0121,3.7839,0.0050774,-0.30512,4.2231,0.2205,-0.62974,4.2653,0.19687,-1.0918,4.1828,0.30683,-1.0975,4.1561,-0.037367,0.20457,4.3384,-0.26879,-0.34398,4.0853,-0.31841,-0.25836,4.058,0.12363,0.37938,4.1563,0.1418,0.31967,4.1537
82,-0.067493,-0.29472,4.2491,-0.050248,-0.007101,4.3046,-0.033107,0.27389,4.3453,-0.0042412,0.41186,4.4049,-0.19085,0.16045,4.2555,-0.34559,0.013906,4.2035,-0.33424,-0.18909,4.1261,-0.29849,-0.24441,4.1135,0.14006,0.13229,4.3719,0.30928,0.091693,4.2291,0.15031,0.32926,4.1765,0.15499,0.32644,4.1773,-0.13823,-0.27796,4.1911,-0.20397,-0.58922,4.0877,-0.20459,-0.99435,3.9126,-0.15181,-1.0312,3.825,0.0051317,-0.30523,4.2228,0.22167,-0.63169,4.2652,0.19527,-1.0937,4.1833,0.30525,-1.0992,4.1566,-0.03743,0.20459,4.338,-0.27666,-0.32921,4.064,-0.33689,-0.21977,4.0834,0.13052,0.3756,4.1583,0.11969,0.34244,4.1132
83,-0.067754,-0.29469,4.249,-0.050564,-0.0071022,4.3046,-0.033549,0.27398,4.3455,-0.0018642,0.41189,4.4039,-0.19089,0.1603,4.2557,-0.34613,0.013332,4.2036,-0.30868,-0.2347,4.1013,-0.27712,-0.28421,4.0894,0.14003,0.13196,4.3719,0.30607,0.05634,4.2359,0.16521,0.29793,4.1883,0.14577,0.32639,4.1778,-0.13877,-0.27778,4.1912,-0.22706,-0.561,4.1069,-0.20783,-0.99341,3.915,-0.17355,-1.0115,3.7861,0.0049148,-0.30533,4.2225,0.22178,-0.63139,4.2656,0.1974,-1.0935,4.1835,0.30737,-1.0991,4.1568,-0.037818,0.20463,4.3381,-0.25717,-0.33499,4.0778,-0.2862,-0.29602,4.0578,0.12476,0.37259,4.1566,0.1448,0.34398,4.132
84,-0.068827,-0.29435,4.2488,-0.051085,-0.0074435,4.3043,-0.033814,0.27292,4.3449,-0.0016846,0.41131,4.4035,-0.19079,0.16032,4.2558,-0.34666,0.013511,4.2038,-0.32108,-0.19745,4.1279,-0.28154,-0.25723,4.1105,0.13999,0.13145,4.3721,0.30584,0.056172,4.2342,0.19033,0.25968,4.1948,0.15135,0.32012,4.181,-0.14078,-0.27707,4.1909,-0.20264,-0.579,4.0879,-0.20508,-0.99491,3.9121,-0.14994,-1.0255,3.8214,0.0044533,-0.30528,4.2225,0.22209,-0.63109,4.2659,0.19599,-1.093,4.1833,0.30613,-1.0974,4.1566,-0.038164,0.20374,4.3376,-0.26342,-0.3442,4.0885,-0.31764,-0.24393,4.0574,0.1254,0.36692,4.1783,0.11252,0.32459,4.1245
85,-0.069866,-0.29395,4.2493,-0.051863,-0.0073693,4.3045,-0.034373,0.27291,4.345,-0.001233,0.41075,4.4028,-0.19076,0.16027,4.2558,-0.34669,0.013765,4.2039,-0.32982,-0.18673,4.1201,-0.29385,-0.24415,4.1157,0.13992,0.13106,4.3721,0.30507,0.056153,4.2347,0.18715,0.26167,4.1938,0.14418,0.31528,4.1776,-0.1422,-0.27624,4.192,-0.20746,-0.5676,4.0906,-0.20485,-0.99568,3.9109,-0.1674,-1.043,3.821,0.0036909,-0.30523,4.2226,0.22377,-0.63071,4.2665,0.19647,-1.0925,4.1835,0.30659,-1.0973,4.1566,-0.038761,0.20372,4.3376,-0.27428,-0.32149,4.0836,-0.31939,-0.23592,4.0618,0.11768,0.36623,4.1879,0.11001,0.32433,4.1213
86,-0.070657,-0.29378,4.2498,-0.051845,-0.0049283,4.3087,-0.03081,0.28174,4.3588,-0.0013524,0.41038,4.4039,-0.19071,0.16026,4.2563,-0.34778,0.013119,4.2058,-0.33037,-0.18745,4.1224,-0.29369,-0.24388,4.1217,0.1397,0.13028,4.3723,0.30935,0.039505,4.2379,0.16886,0.27561,4.1893,0.14473,0.30667,4.172,-0.14319,-0.27587,4.1927,-0.20732,-0.56287,4.0912,-0.20509,-0.9966,3.9109,-0.17065,-1.0144,3.782,0.0030991,-0.30527,4.2229,0.22347,-0.62962,4.2669,0.19758,-1.0915,4.1838,0.30716,-1.0995,4.1572,-0.03639,0.21043,4.3484,-0.26877,-0.32157,4.0846,-0.3313,-0.22212,4.0773,0.12333,0.36639,4.1723,0.1173,0.3083,4.1335
87,-0.069669,-0.29431,4.2491,-0.04991,-0.006502,4.3091,-0.027947,0.27721,4.3595,-0.00092084,0.40817,4.4016,-0.19061,0.16021,4.2564,-0.34768,0.012843,4.2061,-0.33105,-0.18782,4.1228,-0.29712,-0.24437,4.1219,0.13966,0.1298,4.3723,0.30414,0.043239,4.2373,0.17428,0.23428,4.188,0.14256,0.30477,4.1715,-0.14108,-0.27691,4.1917,-0.19013,-0.64475,4.0852,-0.20504,-0.99728,3.9114,-0.17056,-1.015,3.7825,0.0034209,-0.30555,4.2225,0.22447,-0.63351,4.2662,0.19602,-1.0952,4.1828,0.30611,-1.0997,4.1563,-0.033673,0.20689,4.3492,-0.27208,-0.32042,4.0841,-0.32172,-0.23617,4.0715,0.1156,0.35461,4.168,0.1066,0.31271,4.1734
88,-0.068173,-0.29432,4.2497,-0.049696,-0.0068437,4.3097,-0.02935,0.27585,4.3598,0.00057043,0.40413,4.3979,-0.19058,0.16018,4.2566,-0.34774,0.013105,4.207,-0.33111,-0.18738,4.1232,-0.29953,-0.24059,4.1146,0.13958,0.12927,4.3729,0.30168,0.040606,4.2402,0.18194,0.22902,4.1868,0.14921,0.28478,4.1625,-0.13983,-0.27691,4.1918,-0.18548,-0.64445,4.084,-0.2042,-0.99657,3.9116,-0.16958,-1.0143,3.7827,0.0051461,-0.30563,4.2237,0.28131,-0.59093,4.2622,0.14391,-1.0309,4.1659,0.24616,-1.0643,4.1439,-0.034398,0.20599,4.3497,-0.27192,-0.32023,4.0817,-0.32394,-0.24454,4.0653,0.12813,0.33381,4.1551,0.12182,0.2895,4.1206
89,-0.068199,-0.29367,4.2498,-0.048344,-0.0068936,4.3102,-0.025011,0.27377,4.3602,0.0013372,0.40357,4.3978,-0.19056,0.16017,4.2566,-0.34763,0.01329,4.2071,-0.33065,-0.18695,4.1227,-0.29379,-0.24232,4.1157,0.13978,0.12934,4.3733,0.3016,0.0078255,4.2534,0.18627,0.22458,4.1852,0.14597,0.27153,4.1531,-0.13984,-0.27577,4.1916,-0.18568,-0.6383,4.0859,-0.2044,-0.99699,3.9117,-0.13536,-1.0018,3.8234,0.0050902,-0.30535,4.2238,0.28119,-0.5911,4.2611,0.14607,-1.0321,4.1668,0.24817,-1.066,4.1445,-0.030999,0.20456,4.3502,-0.27447,-0.31588,4.0591,-0.33748,-0.21331,4.0813,0.13034,0.32111,4.1526,0.11387,0.26431,4.1345
90,-0.066818,-0.29375,4.2493,-0.047982,-0.0070873,4.3086,-0.028152,0.27344,4.3527,0.0018666,0.40254,4.3959,-0.19024,0.16024,4.257,-0.34754,0.014375,4.2081,-0.33809,-0.18605,4.1229,-0.30058,-0.23875,4.1127,0.13955,0.12925,4.3736,0.30147,-0.0047022,4.2556,0.20933,0.17563,4.1749,0.15341,0.25872,4.1408,-0.13716,-0.27587,4.1908,-0.19234,-0.64285,4.0823,-0.20408,-0.99636,3.9121,-0.16943,-1.0142,3.7833,0.0055274,-0.30543,4.2237,0.22032,-0.62262,4.2728,0.19712,-1.0839,4.1847,0.3055,-1.0989,4.1566,-0.032734,0.20417,4.3448,-0.27716,-0.31867,4.0713,-0.32577,-0.23349,4.0665,0.12705,0.3115,4.1381,0.15281,0.2401,4.143
91,-0.066404,-0.29388,4.2494,-0.047679,-0.0075995,4.3079,-0.028438,0.2722,4.3499,0.0022634,0.40246,4.3925,-0.19023,0.16018,4.257,-0.3464,0.016908,4.2104,-0.33438,-0.18377,4.1263,-0.30109,-0.23951,4.1156,0.13924,0.12901,4.3736,0.29282,-0.016803,4.2633,0.20993,0.16684,4.1795,0.14762,0.24712,4.1344,-0.13692,-0.27595,4.1908,-0.21102,-0.553,4.0591,-0.22966,-1.0007,3.9099,-0.19067,-1.0498,3.8231,0.0060534,-0.30568,4.224,0.22049,-0.623,4.2724,0.19787,-1.0843,4.1842,0.30512,-1.1032,4.1574,-0.032889,0.20306,4.3426,-0.27808,-0.32055,4.0921,-0.32301,-0.24188,4.0672,0.13563,0.28617,4.1402,0.16553,0.26336,4.1216
92,-0.066087,-0.29401,4.2491,-0.047614,-0.0083466,4.307,-0.029075,0.27075,4.3487,-0.0056741,0.40774,4.3951,-0.19023,0.16015,4.257,-0.34652,0.016997,4.2106,-0.33718,-0.18432,4.1279,-0.30029,-0.23874,4.1204,0.13838,0.12753,4.3735,0.28509,-0.025493,4.2672,0.19809,0.16311,4.1649,0.15549,0.22246,4.1159,-0.13638,-0.27623,4.1905,-0.22517,-0.55845,4.1,-0.20623,-0.99343,3.9144,-0.17143,-1.0114,3.7857,0.0061544,-0.30573,4.2237,0.22223,-0.62412,4.2725,0.19841,-1.0853,4.1842,0.30573,-1.1035,4.1584,-0.033399,0.20174,4.3412,-0.2798,-0.32143,4.0828,-0.32702,-0.2219,4.0735,0.1385,0.25001,4.0938,0.16828,0.24108,4.0911
93,-0.068184,-0.29496,4.2498,-0.048452,-0.0093651,4.3067,-0.02923,0.26962,4.3478,-0.0054633,0.40662,4.394,-0.19039,0.16006,4.2574,-0.34622,0.016263,4.2117,-0.30769,-0.23015,4.1169,-0.2775,-0.28789,4.096,0.13672,0.12343,4.3722,0.2613,-0.031489,4.2739,0.16908,0.17653,4.1347,0.14727,0.20894,4.1086,-0.13959,-0.27655,4.1909,-0.21264,-0.55744,4.0718,-0.22942,-1.0034,3.9168,-0.15435,-1.0087,3.838,0.0045319,-0.30746,4.2248,0.22247,-0.62449,4.2725,0.19953,-1.0858,4.1844,0.30695,-1.1035,4.1586,-0.033778,0.20063,4.3405,-0.25493,-0.38558,4.0726,-0.28707,-0.31194,4.0753,0.13316,0.24824,4.1114,0.15883,0.22716,4.0878
94,-0.06694,-0.2971,4.2496,-0.047603,-0.012077,4.308,-0.028715,0.26598,4.3523,-0.0046312,0.40383,4.3946,-0.1905,0.15981,4.2577,-0.34688,0.014311,4.2119,-0.33687,-0.18873,4.1345,-0.29912,-0.24249,4.121,0.13398,0.11999,4.3693,0.25015,-0.052074,4.2983,0.16143,0.17228,4.1338,0.14607,0.20516,4.1114,-0.13728,-0.27937,4.1902,-0.23238,-0.55827,4.0926,-0.21985,-0.99847,3.9201,-0.17578,-1.0386,3.8276,0.005014,-0.30908,4.2249,0.22564,-0.62821,4.2726,0.19971,-1.0893,4.184,0.30774,-1.1044,4.1583,-0.033237,0.19728,4.3439,-0.27526,-0.33386,4.0983,-0.32281,-0.22915,4.0694,0.13921,0.31036,4.1455,0.15125,0.26427,4.1033
95,-0.070506,-0.29766,4.2476,-0.049312,-0.012565,4.3066,-0.02922,0.26585,4.3513,-0.0050588,0.40335,4.3944,-0.19052,0.15971,4.2577,-0.3471,0.014505,4.2116,-0.33559,-0.1877,4.1319,-0.30115,-0.23733,4.1148,0.12719,0.11803,4.3611,0.24234,-0.056766,4.2974,0.15095,0.15903,4.1202,0.13944,0.24903,4.1285,-0.14247,-0.27893,4.1883,-0.19508,-0.64772,4.0813,-0.20244,-0.99718,3.912,-0.16,-1.0355,3.8167,0.0024985,-0.31044,4.2228,0.22509,-0.62774,4.2721,0.19797,-1.0887,4.1838,0.30603,-1.1039,4.1581,-0.034012,0.19706,4.3428,-0.27753,-0.31908,4.0766,-0.32655,-0.2377,4.0659,0.13279,0.31541,4.097,0.15785,0.30615,4.0797
96,-0.069141,-0.30011,4.2474,-0.048609,-0.012895,4.3067,-0.028044,0.26704,4.3516,-0.0047574,0.40378,4.3942,-0.19077,0.15963,4.2578,-0.34722,0.014259,4.2114,-0.33487,-0.18767,4.131,-0.30067,-0.2378,4.1148,0.11385,0.11745,4.3493,0.23235,-0.056354,4.2908,0.14777,0.12974,4.1268,0.13976,0.27081,4.1113,-0.13957,-0.28334,4.1884,-0.19374,-0.65279,4.0786,-0.2025,-0.99713,3.9118,-0.17081,-1.0148,3.7819,0.0029466,-0.31154,4.2224,0.22543,-0.63056,4.2713,0.19902,-1.0916,4.1828,0.30735,-1.1051,4.1577,-0.033129,0.19766,4.343,-0.27673,-0.31817,4.065,-0.32556,-0.23089,4.0708,0.14473,0.28742,4.0776,0.15905,0.27706,4.0623
97,-0.072572,-0.29999,4.2481,-0.048534,-0.012969,4.3068,-0.023432,0.26677,4.3521,-0.0039572,0.40416,4.3933,-0.19076,0.15957,4.258,-0.34745,0.012745,4.2101,-0.30597,-0.23875,4.1169,-0.27342,-0.30377,4.0993,0.11423,0.11696,4.349,0.21983,-0.070372,4.3012,0.14844,0.12446,4.1242,0.14319,0.18016,4.1219,-0.14597,-0.28183,4.1912,-0.19694,-0.58883,4.0931,-0.20387,-0.99808,3.9116,-0.14302,-1.0357,3.8354,0.0011739,-0.31203,4.2221,0.22521,-0.63016,4.2711,0.1978,-1.0912,4.1828,0.30608,-1.1051,4.1574,-0.03037,0.19744,4.3434,-0.26978,-0.39617,4.089,-0.28456,-0.39847,4.072,0.15572,0.24804,4.0724,0.16946,0.11258,4.053
98,-0.072582,-0.29985,4.2479,-0.048067,-0.010982,4.3079,-0.022048,0.27505,4.3579,-0.0016984,0.40371,4.3932,-0.19062,0.15954,4.258,-0.34756,0.012397,4.2104,-0.32885,-0.1882,4.1274,-0.29165,-0.24496,4.1207,0.11281,0.1187,4.3448,0.17959,-0.084829,4.3259,0.16565,0.061105,4.0975,0.1552,0.10633,4.1076,-0.14615,-0.28185,4.1912,-0.21051,-0.57019,4.0981,-0.20385,-0.99808,3.9116,-0.14579,-1.0352,3.8307,0.0018862,-0.31127,4.2207,0.2258,-0.63112,4.2707,0.19778,-1.0921,4.1829,0.30624,-1.1055,4.1571,-0.028969,0.20385,4.3478,-0.27221,-0.32056,4.0859,-0.32892,-0.21338,4.0775,0.16117,0.20888,4.0696,0.15738,0.057603,4.0475
99,-0.071933,-0.29985,4.2477,-0.048113,-0.011564,4.3071,-0.025128,0.27103,4.3523,-0.00049221,0.40264,4.3931,-0.19055,0.15957,4.2582,-0.34758,0.012136,4.2103,-0.31334,-0.23089,4.1091,-0.28048,-0.28024,4.0951,0.11246,0.11878,4.3437,0.17902,-0.091762,4.3275,0.15482,0.061284,4.1483,0.16704,0.18442,4.0905,-0.14574,-0.2821,4.1913,-0.20724,-0.5732,4.0948,-0.20314,-0.99805,3.9128,-0.17295,-1.0157,3.7824,0.0032358,-0.31093,4.2197,0.22577,-0.6311,4.2707,0.19746,-1.0921,4.1828,0.30682,-1.1009,4.1569,-0.030721,0.20122,4.3441,-0.25185,-0.32696,4.082,-0.2986,-0.28131,4.0451,0.15009,0.19776,4.07,0.18552,0.1819,4.065
